kai,stn,lat,lon,se,year,mon,day,time,We,Wc,Ta,Tr,Lay,Dep,Tem,pH,DO,Sal,Dak,SS,COD,T-N,T-P,NO2-N,NO3-N,NH4-N,PO4-P,Chl.a,Phaeo,Lay,dep,Tem,pH,DO,Sal,Dak,SS,COD,T-N,T-P,NO2-N,NO3-N,NH4-N,PO4-P,Chl.a,Phaeo
KIS,WY01,341312,1350504,WT,1996,3,15,11:20,SR,4105,9,6,U,2,13.16,8.2,-,34.13,1.2,-,-,-,-,-,-,-,-,-,-,B,32,13.12,8.2,-,34.16,1.8,-,-,-,-,-,-,-,-,-,-
KIS,WY02,341312,1345950,WT,1996,3,15,11:50,SR,4105,9,6.5,U,2,13.13,8.1,-,34.1,2,<1,1.4,-,-,-,-,-,-,-,-,B,44,13.11,8.1,-,34.15,3.4,<1,1.6,-,-,-,-,-,-,-,-
KIS,WY03,341312,1345436,WT,1996,3,15,12:20,SR,4105,9,5.5,U,2,13.07,8.2,-,33.91,2.5,-,-,-,-,-,-,-,-,-,-,B,50,13.05,8.2,-,33.98,3.1,-,-,-,-,-,-,-,-,-,-
KIS,WY05,340852,1350504,WT,1996,3,15,10:50,SR,4105,8,6,U,2,13.03,8.2,-,33.87,2.6,1,1.7,-,-,-,-,-,-,-,-,B,41,13.02,8.2,-,33.9,3.8,<1,1.3,-,-,-,-,-,-,-,-
KIS,WY06,340852,1345950,WT,1996,3,15,10:20,SR,4105,8,6.5,U,2,12.42,8.1,-,33.8,3.5,-,-,-,-,-,-,-,-,-,-,B,50,12.41,8.1,-,33.81,6.8,-,-,-,-,-,-,-,-,-,-
KIS,WY07,340852,1345436,WT,1996,3,15,9:50,SR,4105,8,6,U,2,12.42,8.1,-,33.79,2.1,<1,1.5,0.24,0.014,<0.005,0.06,<0.01,0.009,-,-,B,50,12.4,8.1,-,33.81,3.4,<1,1.5,0.23,0.014,<0.005,0.06,<0.01,0.01,-,-
KIS,WY08,340852,1344922,WT,1996,3,15,9:20,SR,4105,8,5.5,U,2,12.4,8.2,-,34.01,0.6,-,-,-,-,-,-,-,-,-,-,B,43,12.37,8.1,-,34.1,1.8,-,-,-,-,-,-,-,-,-,-
KIS,WY09,340852,1344408,WT,1996,3,15,9:00,SR,4105,8,6.5,U,2,12.39,8.2,-,34.21,5.1,<1,1.4,-,-,-,-,-,-,-,-,B,20,12.36,8.2,-,34.31,6.1,<1,1.6,-,-,-,-,-,-,-,-
KIS,WY10,340852,1343854,WT,1996,3,15,8:30,SR,4105,8,6,U,2,12.38,8.2,-,33.99,3.1,-,-,-,-,-,-,-,-,-,-,B,11,12.35,8.2,-,34.1,4.6,-,-,-,-,-,-,-,-,-,-
KIS,WY11,340432,1345950,WT,1996,3,14,14:32,UC,3702,12,6,U,2,13.03,8.2,-,-,1.8,1,1.3,-,-,-,-,-,-,-,-,B,50.1,12.43,8.2,-,-,2,<1,1.4,-,-,-,-,-,-,-,-
KIS,WY12,340432,1345436,WT,1996,3,14,15:00,UC,3702,13,9,U,2,13.08,8.2,-,34.25,0.6,-,-,-,-,-,-,-,-,-,-,B,49.58,13.1,8.2,-,34.36,1,-,-,-,-,-,-,-,-,-,-
KIS,WY13,340432,1344922,WT,1996,3,14,15:25,UC,3802,13,6,U,2,13.16,8.2,-,34.13,1.2,<1,1.6,-,-,-,-,-,-,-,-,B,42.4,12.34,8.2,-,34.14,2.1,1,1.7,-,-,-,-,-,-,-,-
KIS,WY14,340432,1344408,WT,1996,3,14,15:50,UC,3703,12,6,U,2,12.58,8.2,-,34.05,1.3,-,-,-,-,-,-,-,-,-,-,B,33.6,12.5,8.2,-,34.28,1.8,-,-,-,-,-,-,-,-,-,-
KIS,WY15,340432,1343854,WT,1996,3,14,16:14,UC,3505,11,3,U,2,8.83,-,7.8,33.21,2,1,2.3,0.21,0.021,<0.005,<0.005,<0.01,0.009,-,-,B,16.24,8.6,8.3,8.8,33.39,12.6,7,2.2,0.21,0.02,<0.005,<0.005,<0.01,0.008,-,-
KIS,WY16,340012,1350504,WT,1996,3,14,11:38,CL,3703,11,6,U,2,13.8,8.2,-,34.58,1.5,<1,1.5,-,-,-,-,-,-,-,-,B,35.93,13.7,8.2,-,34.58,1,<1,1.5,-,-,-,-,-,-,-,-
KIS,WY17,340012,1345950,WT,1996,3,14,11:16,CL,4105,10,12,U,2,13.41,8.2,-,34.38,0.6,-,-,-,-,-,-,-,-,-,-,B,48.58,13.07,8.2,-,34.35,0.8,-,-,-,-,-,-,-,-,-,-
KIS,WY18,340012,1345436,WT,1996,3,14,10:42,CL,4105,10,10,U,2,13.86,8.2,-,34.48,0.6,1,1.5,-,-,-,-,-,-,-,-,B,49.88,13.77,8.1,-,34.53,1.6,<1,1.3,-,-,-,-,-,-,-,-
KIS,WY19,340012,1344922,WT,1996,3,14,10:16,CL,4105,9,10,U,2,13.23,8.2,-,-,0.6,-,-,-,-,-,-,-,-,-,-,B,48.74,12.99,8.1,-,-,1.4,-,-,-,-,-,-,-,-,-,-
KIS,WY20,340012,1344408,WT,1996,3,14,9:49,CL,3703,8,6,U,2,9.22,8.3,-,33.54,2,1,1.8,-,-,-,-,-,-,-,-,B,37.96,10.76,8.3,-,33.93,2.6,2,1.5,-,-,-,-,-,-,-,-
KIS,WY21,335552,1345950,WT,1996,3,13,11:23,UC,3504,9,5,U,2,13.7,8.2,-,-,0.7,1,1.1,0.2,0.016,<0.005,0.04,<0.01,0.009,-,-,B,50.12,12.7,8.1,-,-,0.7,<1,1.3,0.18,0.014,<0.005,0.05,<0.01,0.009,-,-
KIS,WY22,335552,1345436,WT,1996,3,13,12:44,UC,4105,9,11,U,2,13.59,8.2,-,34.46,0.5,-,-,-,-,-,-,-,-,-,-,B,50,13.61,8.2,-,34.47,0.6,-,-,-,-,-,-,-,-,-,-
KIS,WY23,335552,1344922,WT,1996,3,13,13:08,UC,4105,8,7,U,2,11.33,8.2,-,34.04,1.3,<1,1.6,-,-,-,-,-,-,-,-,B,50.16,11.43,8.2,8,34.08,1.9,1,1.6,-,-,-,-,-,-,-,-
KIS,WY24,335552,1344408,WT,1996,3,13,14:30,SR,3805,8,6,U,2,12.14,8.2,-,-,2,-,-,-,-,-,-,-,-,-,-,B,38.5,11.84,8.2,-,-,2.5,-,-,-,-,-,-,-,-,-,-
KIS,WY26,335132,1345950,WT,1996,3,13,11:51,UC,3805,10,12,U,2,14.84,8.1,-,34.66,0.2,-,-,-,-,-,-,-,-,-,-,B,49.76,13.94,8.1,8.1,34.61,0.5,-,-,-,-,-,-,-,-,-,-
KIS,WY27,335132,1345436,WT,1996,3,13,12:19,UC,4105,10,12,U,2,14.11,8.2,-,34.57,0.4,<1,1.3,-,-,-,-,-,-,-,-,B,49.06,14.1,8.1,-,34.58,0.3,<1,1.2,-,-,-,-,-,-,-,-
KIS,WY28,335132,1344922,WT,1996,3,13,13:35,UC,4105,8,6,U,2,11.31,8.2,-,33.93,2.8,-,-,-,-,-,-,-,-,-,-,B,48.8,11.15,8.2,10.1,33.91,3.3,-,-,-,-,-,-,-,-,-,-
KIS,WY35,340012,1343854,WT,1996,3,13,15:02,SR,3102,7,2,U,2,8.73,8.3,-,33.15,7.4,-,-,-,-,-,-,-,-,-,-,B,20.42,8.96,8.3,8.2,33.48,2.6,-,-,-,-,-,-,-,-,-,-
KIS,WY36,335132,1344408,WT,1996,3,13,14:04,SR,4105,8,6,U,2,13.09,8.2,-,34.36,1.2,<1,1.6,-,-,-,-,-,-,-,-,B,33.3,11.48,8.2,7.5,34.45,3,2,1.8,-,-,-,-,-,-,-,-
OSK,KB01,343642,1351532,WT,1996,2,13,9:53,UC,2506,9,1.5,U,2,6.99,8.3,-,31.37,2.3,3,5.4,-,-,-,-,-,-,-,-,B,15.86,7.77,8.1,9.7,32.86,12.5,8,3.1,-,-,-,-,-,-,-,-
OSK,KB02,343222,1351532,WT,1996,2,13,10:16,UC,2506,10,1.5,U,2,7.18,8.4,-,30.37,3.7,-,-,-,-,-,-,-,-,-,-,B,15.94,7.7,8.1,9,32.84,4.2,-,-,-,-,-,-,-,-,-,-
OSK,KB03,342902,1351532,WT,1996,2,21,9:56,CL,3703,4,4,U,2,7.05,8.1,8.6,32.08,2.2,3,2.6,0.51,0.016,0.02,0.12,0.01,0.008,-,-,B,14.47,7.65,8,8.5,32.79,2.4,2,2.1,0.35,0.017,<0.005,0.09,0.01,0.006,-,-
OSK,KB05,343642,1351018,WT,1996,2,21,8:15,CL,3703,2,4,U,2,7.36,8,8.4,32.68,2,-,-,-,-,-,-,-,-,-,-,B,12.45,7.65,8,8.3,32.81,2.4,-,-,-,-,-,-,-,-,-,-
OSK,KB06,343222,1351018,WT,1996,2,21,8:38,CL,3703,5,4,U,2,7.86,8,-,32.88,3.3,1,2.2,-,-,-,-,-,-,-,-,B,35.67,7.86,-,7.9,32.87,4.9,3,2,-,-,-,-,-,-,-,-
OSK,KB07,342902,1351018,WT,1996,2,21,9:02,CL,3703,3,4,U,2,7.79,8,8,32.82,3.8,-,-,-,-,-,-,-,-,-,-,B,26.68,7.79,8,8.3,32.83,6.2,-,-,-,-,-,-,-,-,-,-
OSK,KB08,342342,1351018,WT,1996,2,21,9:26,CL,3702,5,2.5,U,2,7.31,8,8.3,-,5.3,4,2.5,-,-,-,-,-,-,-,-,B,15.2,7.3,8,9.8,-,6.1,4,2.4,-,-,-,-,-,-,-,-
OSK,KB09,343642,1350504,WT,1996,2,22,8:47,CL,3502,3,3,U,2,-,-,-,-,7.6,4,3.6,-,-,-,-,-,-,-,-,B,24.95,-,-,-,-,10.5,7,1.9,-,-,-,-,-,-,-,-
OSK,KB10,343222,1350504,WT,1996,2,22,9:14,CL,3502,3,4,U,2,7.88,8.3,-,32.88,3,-,-,-,-,-,-,-,-,-,-,B,39.99,7.85,8.3,8,32.91,-,-,-,-,-,-,-,-,-,-,-
OSK,KB11,342802,1350504,WT,1996,2,22,9:42,CL,3502,3,4,U,2,6.96,8.4,8.5,32.17,2.4,1,2.8,-,-,-,-,-,-,-,-,B,41.61,7.81,8.3,8,32.88,13.9,11,2.1,-,-,-,-,-,-,-,-
OSK,KB12,342342,1350504,WT,1996,2,20,9:30,CL,3302,3,2.5,U,2,7.74,-,9.5,32.79,3.3,-,-,-,-,-,-,-,-,-,-,B,25.47,7.95,-,-,32.87,4.5,-,-,-,-,-,-,-,-,-,-
OSK,KB13,341922,1350504,WT,1996,2,20,9:56,CL,3302,4,3,U,2,9.37,-,-,33.34,4.4,2,1.4,-,-,-,-,-,-,-,-,B,46.31,9.35,-,-,33.34,4.3,2,1.4,-,-,-,-,-,-,-,-
OSK,KB14,342802,1345950,WT,1996,2,22,10:08,CL,3502,3,4,U,2,7.44,8.4,8.3,32.61,2.2,-,-,-,-,-,-,-,-,-,-,B,42.26,9.14,8.2,-,33.27,5.8,-,-,-,-,-,-,-,-,-,-
OSK,KB15,342342,1345950,WT,1996,2,20,11:40,CL,3302,3,4,U,2,-,-,-,-,4,1,1.5,0.34,0.028,0.01,0.1,<0.01,0.023,-,-,B,38.28,-,-,-,-,5.2,1,1.9,0.32,0.019,0.01,0.1,<0.01,0.014,-,-
OSK,KB16,341922,1345950,WT,1996,2,20,10:25,CL,3302,3,2.5,U,2,9.06,-,-,33.25,5.7,-,-,-,-,-,-,-,-,-,-,B,42.2,9.06,-,7.9,33.26,14.9,-,-,-,-,-,-,-,-,-,-
OSK,KB54,344012,1352046,WT,1996,2,13,9:10,CL,2506,9,1.5,U,2,7.14,8.4,9.3,29.87,4.6,2,5.4,1.43,0.094,0.06,0.33,0.19,0.008,-,-,B,11.68,7.72,8.1,9.7,32.54,4.5,6,4,1.08,0.052,0.04,0.26,0.16,0.012,-,-
OSK,KB55,343642,1352046,WT,1996,2,13,9:31,UC,2506,10,1.5,U,2,7.04,8.4,11.6,30.37,4.6,-,-,-,-,-,-,-,-,-,-,B,12.51,7.47,8.2,10.6,32.39,6.7,-,-,-,-,-,-,-,-,-,-
OSK,KB56,343222,1352046,WT,1996,2,13,10:40,UC,2506,10,1.5,U,2,7.16,8.3,10.2,31.1,4.1,5,4.4,-,-,-,-,-,-,-,-,B,13.29,7.29,8.1,11.3,32.57,4.7,7,3.1,-,-,-,-,-,-,-,-
OSK,KB57,344012,1351532,WT,1996,2,13,8:46,CL,2506,8.5,1.5,U,2,7.08,8.3,-,27.42,5.5,-,-,-,-,-,-,-,-,-,-,B,10.08,7.31,8.2,10.5,32.14,5.8,-,-,-,-,-,-,-,-,-,-
OSK,KB58,342342,1345436,WT,1996,2,20,11:15,CL,3302,5,4,U,2,8.74,-,-,33.14,2.4,-,-,-,-,-,-,-,-,-,-,B,28.71,9.01,-,7.9,33.25,5.1,-,-,-,-,-,-,-,-,-,-
OSK,KB59,341922,1345556,WT,1996,2,20,10:48,CL,3302,3,3,U,2,8.91,-,-,33.19,3.6,<1,1.6,-,-,-,-,-,-,-,-,B,33,8.88,-,9.7,33.2,5.4,2,2.2,-,-,-,-,-,-,-,-
HAR,KB17,343642,1345436,WT,1996,2,23,9:27,CL,3802,5,4,U,2,7.62,8.1,8.2,32.97,3.7,1,1.5,-,-,-,-,-,-,-,-,B,30.65,7.54,8.1,9.6,32.99,6.4,1,1.3,-,-,-,-,-,-,-,-
HAR,KB18,343642,1344922,WT,1996,2,23,9:52,CL,3802,5,4.5,U,2,7.44,8.1,8,33.2,2.6,-,-,-,-,-,-,-,-,-,-,B,24.23,7.41,8.1,8.1,33.2,4.3,-,-,-,-,-,-,-,-,-,-
HAR,KB19,343222,1344922,WT,1996,2,29,9:28,CL,3302,6,4,U,2,7.59,8.1,8.2,33.02,2.1,1,1.7,-,-,-,-,-,-,-,-,B,27.04,7.57,8.1,8.7,33.04,2.4,1,1.3,-,-,-,-,-,-,-,-
HAR,KB20,344452,1344408,WT,1996,2,26,14:06,CL,3802,8,3,U,2,7.71,8.2,8.7,32.99,2,<1,2.3,-,-,-,-,-,-,-,-,B,10.34,7.41,8.1,8.8,33.11,5.3,3,1.7,-,-,-,-,-,-,-,-
HAR,KB21,344102,1344408,WT,1996,2,26,10:01,CL,3802,9,4,U,2,7.3,8.1,8.6,33.01,2.4,-,-,-,-,-,-,-,-,-,-,B,18.37,7.39,-,9.3,33.16,2.9,-,-,-,-,-,-,-,-,-,-
HAR,KB22,343642,1344408,WT,1996,3,4,10:02,CL,3302,5,3.5,U,2,7.59,8.2,8.3,33.06,3.2,2,2.1,-,-,-,-,-,-,-,-,B,24.65,7.56,8.1,11.6,33.08,6.3,2,2.1,-,-,-,-,-,-,-,-
HAR,KB23,343222,1344408,WT,1996,3,4,10:28,CL,3302,6,3.5,U,2,7.61,8.2,8.1,33.01,4.3,-,-,-,-,-,-,-,-,-,-,B,25.19,7.57,8.2,8.2,33.04,5.5,-,-,-,-,-,-,-,-,-,-
HAR,KB24,342802,1344408,WT,1996,2,29,10:01,CL,3302,7,4,U,2,7.57,8.1,8.1,33.1,2.1,<1,1.7,-,-,-,-,-,-,-,-,B,30.15,7.49,8.1,8,33.19,4.7,2,1.5,-,-,-,-,-,-,-,-
HAR,KB25,342342,1344408,WT,1996,2,29,10:25,CL,3302,7,5,U,2,7.63,8.1,8.4,32.99,1.7,-,-,-,-,-,-,-,-,-,-,B,21.56,7.48,8.1,-,33.04,3.9,-,-,-,-,-,-,-,-,-,-
HAR,KB26,344452,1343854,WT,1996,2,26,13:44,CL,3802,7,3,U,2,7.56,8.1,8.2,32.99,2.6,-,-,-,-,-,-,-,-,-,-,B,11.22,7.48,-,8.7,33.19,7.5,-,-,-,-,-,-,-,-,-,-
HAR,KB27,344102,1343854,WT,1996,2,26,10:24,CL,3802,7,4.5,U,2,7.2,8.2,8.7,33.01,1.7,<1,1.7,-,-,-,-,-,-,-,-,B,21.32,7.39,8.1,8.9,33.08,1.9,1,1.6,-,-,-,-,-,-,-,-
HAR,KB28,343642,1343854,WT,1996,3,5,10:02,CL,3302,3,4,U,2,7.57,8.1,8.4,33.21,3.4,-,-,-,-,-,-,-,-,-,-,B,29.39,7.54,-,8.8,33.22,5,-,-,-,-,-,-,-,-,-,-
HAR,KB29,343222,1343854,WT,1996,3,5,10:26,CL,3302,3,3.5,U,2,7.57,8.1,8.3,33.13,4.2,2,2,0.25,0.016,<0.005,<0.005,0.12,0.01,-,-,B,21.26,7.56,-,8.5,33.16,4.8,2,2,0.22,0.014,<0.005,<0.005,<0.01,0.01,-,-
HAR,KB30,342802,1343854,WT,1996,3,12,10:20,CL,3302,3,3.5,U,2,7.72,8.1,8.1,33.23,2.9,-,-,-,-,-,-,-,-,-,-,B,24.99,7.65,8.1,8.7,33.26,3.9,-,-,-,-,-,-,-,-,-,-
HAR,KB31,342342,1343854,WT,1996,3,12,10:43,CL,3302,3,3,U,2,7.71,8.2,-,33.17,3.7,2,1.9,-,-,-,-,-,-,-,-,B,26.84,7.63,8.1,8.3,33.19,3.8,3,2,-,-,-,-,-,-,-,-
HAR,KB32,341922,1343854,WT,1996,3,12,11:07,CL,3302,3,3,U,2,7.75,8.2,-,33.14,3.6,-,-,-,-,-,-,-,-,-,-,B,31.58,7.83,8.1,8,33.23,2,-,-,-,-,-,-,-,-,-,-
HAR,KB33,344452,1343340,WT,1996,2,26,11:09,CL,3802,6,3.5,U,2,7.21,8.2,8.4,32.86,2.6,3,1.9,0.3,0.011,<0.005,<0.005,<0.01,<0.003,-,-,B,12.31,7.35,8.1,8.4,33.15,4.1,4,1.8,0.26,0.014,<0.005,<0.005,<0.01,<0.003,-,-
HAR,KB34,344102,1343340,WT,1996,2,26,10:48,CL,3802,7,4.5,U,2,7.23,8.1,8.3,33.09,1.6,-,-,-,-,-,-,-,-,-,-,B,25.17,7.47,8.1,8.9,33.27,1.7,-,-,-,-,-,-,-,-,-,-
HAR,KB35,343642,1343340,WT,1996,3,5,11:17,CL,3302,1,3.5,U,2,7.54,-,-,33.22,2.1,<1,1.9,-,-,-,-,-,-,-,-,B,31.15,7.48,-,8.1,33.22,2.9,1,1.7,-,-,-,-,-,-,-,-
HAR,KB36,343222,1343340,WT,1996,3,5,10:51,SN,3302,3,3.5,U,2,7.65,-,8,33.24,3.9,-,-,-,-,-,-,-,-,-,-,B,32.78,7.62,-,8.3,33.23,2.2,-,-,-,-,-,-,-,-,-,-
HAR,KB37,342802,1343340,WT,1996,2,27,10:40,UC,3703,7,5,U,2,7.83,8.2,8.2,33.26,1.6,1,2,-,-,-,-,-,-,-,-,B,35.23,7.62,8.1,9.1,33.26,3.3,2,2,-,-,-,-,-,-,-,-
HAR,KB38,342342,1343340,WT,1996,2,27,11:07,CL,3703,8,5,U,2,7.77,8.2,8.1,33.19,2,-,-,-,-,-,-,-,-,-,-,B,29.35,7.57,8.1,8.1,33.21,2.3,-,-,-,-,-,-,-,-,-,-
HAR,KB39,341922,1343340,WT,1996,2,27,11:31,CL,3703,9,5.5,U,2,7.97,8.2,-,-,1.7,1,2,-,-,-,-,-,-,-,-,B,29.91,7.65,8.1,8.1,-,2.8,2,2,-,-,-,-,-,-,-,-
HAR,KB40,341502,1343340,WT,1996,2,27,11:56,CL,3703,8,6,U,2,8.07,8.2,-,33.17,1.3,-,-,-,-,-,-,-,-,-,-,B,31.4,7.84,8.2,8.4,33.2,2,-,-,-,-,-,-,-,-,-,-
HAR,KB41,344422,1342826,WT,1996,2,28,8:12,CL,3304,3,4,U,2,7.39,8.1,9,32.94,2.4,-,-,-,-,-,-,-,-,-,-,B,8.35,7.38,8.1,9.7,32.95,2.2,-,-,-,-,-,-,-,-,-,-
HAR,KB42,344102,1342826,WT,1996,2,28,8:33,CL,3504,5,5.5,U,2,7.21,8.1,-,33.13,1.7,<1,2.3,-,-,-,-,-,-,-,-,B,25.45,7.29,8.1,8.4,33.14,2.2,1,2.1,-,-,-,-,-,-,-,-
HAR,KB43,343712,1342826,WT,1996,2,28,9:42,CL,3703,5,6.5,U,2,7.48,8.1,-,33.25,1.7,-,-,-,-,-,-,-,-,-,-,B,31.19,7.45,8.1,8.5,33.24,1.3,-,-,-,-,-,-,-,-,-,-
HAR,KB44,343222,1342826,WT,1996,2,28,10:15,CL,3703,5,6,U,2,7.68,8.1,-,33.23,2.2,1,1.7,-,-,-,-,-,-,-,-,B,36.05,7.63,8.1,-,33.23,2.4,1,1.8,-,-,-,-,-,-,-,-
HAR,KB45,342802,1342826,WT,1996,3,11,10:57,UC,3804,8,6,U,2,8.33,8.1,-,33.3,1.2,-,-,-,-,-,-,-,-,-,-,B,36.98,7.98,8.1,8,33.31,5.4,-,-,-,-,-,-,-,-,-,-
HAR,KB46,342342,1342826,WT,1996,3,11,11:55,UC,3804,8,5,U,2,8.19,8.2,-,33.27,1.2,<1,1.7,-,-,-,-,-,-,-,-,B,34.99,7.75,8.1,-,33.24,5,4,1.7,-,-,-,-,-,-,-,-
HAR,KB47,341922,1342826,WT,1996,3,11,12:20,CL,3804,8,6,U,2,8.05,8.2,-,33.29,1.9,-,-,-,-,-,-,-,-,-,-,B,27.4,7.62,8.1,-,33.26,1.4,-,-,-,-,-,-,-,-,-,-
HAR,KB48,341502,1342826,WT,1996,2,27,14:22,UC,3703,10,6,U,2,7.86,8.3,8.2,33.14,1.6,1,1.8,0.24,0.022,<0.005,0.01,<0.01,0.012,-,-,B,30.07,7.68,8.2,8.1,33.17,2.8,2,1.7,0.25,0.018,<0.005,0.02,<0.01,0.011,-,-
HAR,KB49,344102,1342312,WT,1996,2,28,8:56,CL,3302,6,4,U,2,6.93,8.2,8.8,32.92,3,-,-,-,-,-,-,-,-,-,-,B,11.4,6.9,8.1,10.1,32.96,4.3,-,-,-,-,-,-,-,-,-,-
HAR,KB50,343642,1342312,WT,1996,2,28,9:19,CL,3302,4,4,U,2,7.38,8.2,-,33.15,1.1,<1,1.8,-,-,-,-,-,-,-,-,B,30.53,7.35,8.1,8.1,33.14,1.5,1,1.7,-,-,-,-,-,-,-,-
HAR,KB51,343222,1342312,WT,1996,2,28,10:40,CL,3703,8,5,U,2,7.71,8.1,-,33.22,2.7,-,-,-,-,-,-,-,-,-,-,B,27.38,7.59,8.1,-,33.22,3.2,-,-,-,-,-,-,-,-,-,-
HAR,KB52,342802,1342312,WT,1996,3,11,11:11,UC,3804,8,5.5,U,2,7.79,8.1,-,33.28,1.7,1,1.8,-,-,-,-,-,-,-,-,B,29.59,7.7,8.1,8.3,33.27,1.6,1,1.5,-,-,-,-,-,-,-,-
HAR,KB60,344102,1344922,WT,1996,2,23,10:13,CL,3802,6,4,U,2,7.18,8.2,8.4,33.04,3.4,1,2.1,-,-,-,-,-,-,-,-,B,10.1,7.17,8.1,8.6,33.03,3.9,1,1.6,-,-,-,-,-,-,-,-
BS1,SD01,342445,1332539,WT,1996,2,20,13:12,UC,3304,9.2,2,U,2,7.9,8.1,-,33.32,5.5,-,-,-,-,-,-,-,-,-,-,B,5,7.9,8,-,33.31,4.7,-,-,-,-,-,-,-,-,-,-
BS1,SD02,342552,1332951,WT,1996,2,20,11:14,UC,3304,5.6,3.5,U,2,7.8,8,-,33.22,3,3,1.4,-,-,-,-,-,-,-,-,B,13,7.8,8,8.5,33.24,2.9,5,1.2,-,-,-,-,-,-,-,-
BS1,SD04,342552,1333505,WT,1996,2,20,10:37,UC,3304,5.2,1.5,U,2,7.6,-,-,32.93,8.6,-,-,-,-,-,-,-,-,-,-,B,9,7.5,-,-,32.93,10.2,-,-,-,-,-,-,-,-,-,-
BS1,SD07,343012,1333955,WT,1996,2,20,9:59,CL,3106,3.3,2,U,2,7.7,-,-,32.64,7,-,-,-,-,-,-,-,-,-,-,B,4,7.8,-,-,32.71,7.7,-,-,-,-,-,-,-,-,-,-
BS1,SD08,342552,1334019,WT,1996,2,20,9:27,CL,3304,3.7,3,U,2,7.8,-,-,33.38,7.5,11,1.4,0.16,0.025,<0.005,0.015,0.01,0.005,-,-,B,4,7.8,-,-,33.35,9.3,7,1.4,0.22,0.027,-,0.024,0.02,0.005,-,-
BS1,SD11,342552,1334532,WT,1996,2,20,9:00,CL,3304,3.9,5,U,2,7.8,-,-,33.38,4.1,-,-,-,-,-,-,-,-,-,-,B,9,7.8,-,-,33.38,4.2,-,-,-,-,-,-,-,-,-,-
BS2,SD18,343432,1340628,WT,1996,2,22,15:16,UC,3304,6.8,2,U,2,7.3,8.1,-,32.81,5.7,-,-,-,-,-,-,-,-,-,-,B,18,7.1,8.1,-,33.04,-,-,-,-,-,-,-,-,-,-,-
BS2,SD21,343852,1341142,WT,1996,2,22,14:02,UC,3304,7,4.5,U,2,6.9,8,-,33.09,2.8,-,-,-,-,-,-,-,-,-,-,B,4,6.9,-,8.9,33.09,2.7,-,-,-,-,-,-,-,-,-,-
BS2,SD22,343432,1341142,WT,1996,2,22,14:40,CL,3304,6.6,3,U,2,7.5,8.2,-,33.06,4.3,7,1.7,0.18,0.026,-,0.006,<0.01,0.005,-,-,B,19,7.2,8.1,-,33.07,22.4,15,1.7,0.28,0.039,-,0.009,-,0.009,-,-
BS2,SD23,342552,1341142,WT,1996,2,22,10:23,UC,3304,10,4.5,U,2,7.5,8.1,-,33.24,4.1,4,1.2,0.23,0.035,-,0.008,<0.01,<0.003,-,-,B,16,7.5,8.1,-,33.22,5,4,1.2,0.26,0.031,-,0.01,<0.01,0.004,-,-
BS2,SD24,343852,1341656,WT,1996,2,22,13:32,CL,3304,8.6,2,U,2,6.8,8.2,8.7,32.96,6.2,10,1.7,-,-,-,-,-,-,-,-,B,8,6.6,8.1,10.5,32.95,6.4,8,1.7,-,-,-,-,-,-,-,-
BS2,SD25,343432,1341656,WT,1996,2,22,11:57,UC,3304,11,5,U,2,7.6,8.1,-,33.22,2.2,-,-,-,-,-,-,-,-,-,-,B,26,7.5,8,9.5,33.23,4.7,-,-,-,-,-,-,-,-,-,-
BS1,SD48,341712,1331923,WT,1996,2,20,14:11,UC,3505,8.5,8,U,2,-,-,-,-,1.7,3,1.2,0.13,0.036,-,0.005,-,0.004,-,-,B,15,-,-,-,-,1.6,5,1.1,0.19,0.038,-,<0.005,<0.01,0.003,-,-
HIU,SD54,341312,1332437,WT,1996,2,19,11:31,UC,3304,3.6,13.5,U,2,9.1,-,8.1,33.53,1.2,4,1.1,-,-,-,-,-,-,-,-,B,17,9,-,8.8,33.54,1.1,4,1.4,-,-,-,-,-,-,-,-
HIU,SD55,340852,1332437,WT,1996,2,19,13:31,UC,3505,7.9,12.5,U,2,9.3,8.2,8.6,33.52,1.1,-,-,-,-,-,-,-,-,-,-,B,14,9,8.1,10.9,33.53,1.1,-,-,-,-,-,-,-,-,-,-
HIU,SD58,341312,1332951,WT,1996,2,19,10:59,UC,3304,4.6,5,U,2,8.1,8.1,8.4,33.49,3,-,-,-,-,-,-,-,-,-,-,B,19,8,8.1,9.1,33.49,3.7,-,-,-,-,-,-,-,-,-,-
HIU,SD59,340852,1332951,WT,1996,2,19,14:02,UC,3304,9.5,7.5,U,2,8.7,8.2,7.9,33.54,1.6,3,1.3,-,-,-,-,-,-,-,-,B,16,8.5,8.2,8,33.5,2.2,3,1.3,-,-,-,-,-,-,-,-
HIU,SD62,341312,1333505,WT,1996,2,19,15:44,UC,3304,5.4,7.5,U,2,8.2,8.3,8.2,33.42,1.5,2,1.3,-,-,-,-,-,-,-,-,B,14,8,8.3,9.9,33.47,2.6,4,1.3,-,-,-,-,-,-,-,-
HIU,SD63,340852,1333505,WT,1996,2,19,15:14,UC,3304,6,11.5,U,2,7.9,8.3,8.1,33.31,1,-,-,-,-,-,-,-,-,-,-,B,20,7.6,8.3,8.1,33.33,2.4,-,-,-,-,-,-,-,-,-,-
HIU,SD64,340432,1333505,WT,1996,2,19,14:43,UC,3304,10.2,9.5,U,2,8,8.3,8.2,33.29,1.1,3,1.2,-,-,-,-,-,-,-,-,B,18,7.6,8.3,8.1,33.36,2.2,6,1.2,-,-,-,-,-,-,-,-
HIU,MY40,340432,1330341,WT,-,-,-,-,-,-,-,-,U,-,-,-,-,-,-,-,-,-,-,-,-,-,-,-,-,B,-,-,-,-,-,-,-,-,-,-,-,-,-,-,-,-
HIU,MY41,340852,1330855,WT,-,-,-,-,-,-,-,-,U,-,-,-,-,-,-,-,-,-,-,-,-,-,-,-,-,B,-,-,-,-,-,-,-,-,-,-,-,-,-,-,-,-
HIU,MY42,340432,1330855,WT,-,-,-,-,-,-,-,-,U,-,-,-,-,-,-,-,-,-,-,-,-,-,-,-,-,B,-,-,-,-,-,-,-,-,-,-,-,-,-,-,-,-
HIU,MY43,340012,1330855,WT,1996,2,27,9:25,CL,3703,10,5,U,2,9.4,8.1,8.6,33.6,1.5,5,2.2,-,-,-,-,-,-,-,-,B,11.5,9.4,-,9.1,33.61,2.4,6,2.1,-,-,-,-,-,-,-,-
HIU,MY45,340852,1331409,WT,-,-,-,-,-,-,-,-,U,-,-,-,-,-,-,-,-,-,-,-,-,-,-,-,-,B,-,-,-,-,-,-,-,-,-,-,-,-,-,-,-,-
HIU,MY46,340432,1331409,WT,-,-,-,-,-,-,-,-,U,-,-,-,-,-,-,-,-,-,-,-,-,-,-,-,-,B,-,-,-,-,-,-,-,-,-,-,-,-,-,-,-,-
HIU,MY47,340012,1331409,WT,1996,2,27,10:05,CL,3502,10,2.5,U,2,9.4,8.1,8.5,33.62,3,-,-,-,-,-,-,-,-,-,-,B,15,9.4,-,9.3,33.63,4.5,-,-,-,-,-,-,-,-,-,-
HIU,MY50,340852,1331923,WT,-,-,-,-,-,-,-,-,U,-,-,-,-,-,-,-,-,-,-,-,-,-,-,-,-,B,-,-,-,-,-,-,-,-,-,-,-,-,-,-,-,-
HIU,MY51,340432,1331923,WT,1996,2,27,11:10,UC,3805,9,4.5,U,2,8.8,8.1,8.6,33.57,1.4,-,-,-,-,-,-,-,-,-,-,B,20,8.7,-,9.8,33.56,1.7,-,-,-,-,-,-,-,-,-,-
HIU,MY52,340022,1331923,WT,1996,2,27,10:35,CL,3805,10,3.5,U,2,9.1,8.1,8.8,33.41,2.1,4,2.1,-,-,-,-,-,-,-,-,B,16,8.9,-,10.9,33.43,3,4,1.6,-,-,-,-,-,-,-,-
HIU,MY56,340432,1332437,WT,-,-,-,-,-,-,-,-,U,-,-,-,-,-,-,-,-,-,-,-,-,-,-,-,-,B,-,-,-,-,-,-,-,-,-,-,-,-,-,-,-,-
HIU,MY57,340012,1332437,WT,-,-,-,-,-,-,-,-,U,-,-,-,-,-,-,-,-,-,-,-,-,-,-,-,-,B,-,-,-,-,-,-,-,-,-,-,-,-,-,-,-,-
HIU,MY60,340432,1332951,WT,-,-,-,-,-,-,-,-,U,-,-,-,-,-,-,-,-,-,-,-,-,-,-,-,-,B,-,-,-,-,-,-,-,-,-,-,-,-,-,-,-,-
HIU,MY61,340012,1332951,WT,-,-,-,-,-,-,-,-,U,-,-,-,-,-,-,-,-,-,-,-,-,-,-,-,-,B,-,-,-,-,-,-,-,-,-,-,-,-,-,-,-,-
AKI,HS12,341312,1323639,WT,1996,3,6,8:57,UC,3302,12.5,2.4,U,2,11,-,7.9,32.89,3.6,3,2.4,-,-,-,-,-,-,-,-,B,8.8,11,-,7.9,33.18,4.5,3,2.2,-,-,-,-,-,-,-,-
AKI,HS13,340852,1323341,WT,1996,3,6,14:39,UC,3702,8,5.8,U,2,11.1,-,8.1,33.11,3.7,1,2.1,0.12,0.016,<0.005,0.012,<0.01,0.006,-,-,B,12.6,11.2,-,8.1,33.11,2.9,2,2.1,0.12,0.019,<0.005,0.009,<0.01,0.005,-,-
AKI,HS21,341312,1324923,WT,1996,3,6,13:12,UC,3802,8.5,5.3,U,2,11.6,-,7.9,33.04,3.9,1,1.8,0.1,0.019,<0.005,0.012,<0.01,0.006,-,-,B,21.9,11.6,-,7.9,33.18,3.6,3,1.8,0.12,0.019,<0.005,0.011,<0.01,0.006,-,-
AKI,HS22,341832,1325437,WT,1996,3,6,10:31,UC,3302,10,4.3,U,2,11.4,-,8,33.11,7.5,3,2,0.09,0.014,<0.005,<0.005,<0.01,0.006,-,-,B,34.3,11.4,-,7.9,33.11,7.9,8,2,0.14,0.024,<0.005,<0.005,<0.01,0.006,-,-
AKI,HS33,340012,1324409,WT,1996,2,26,10:54,CL,3802,6,7.5,U,2,10,8.1,8.7,33.74,0.8,4,1.8,0.32,0.013,0.005,0.019,0.02,0.005,-,-,B,43,10,8.1,-,33.77,0.8,2,1.6,0.36,0.01,0.01,0.019,0.01,0.006,-,-
HRS,HS01,341312,1321759,WT,1996,3,4,9:44,CL,3502,12,6.1,U,2,9.7,-,7.5,32.25,1.1,1,2.2,-,-,-,-,-,-,-,-,B,22.5,9.8,-,7.9,33.52,2.4,2,1.9,-,-,-,-,-,-,-,-
HRS,HS02,340852,1321759,WT,1996,3,4,10:25,CL,3702,11.5,7.4,U,2,9.6,-,7.2,33.17,0.8,-,-,-,-,-,-,-,-,-,-,B,30.5,9.7,-,-,33.48,5,-,-,-,-,-,-,-,-,-,-
HRS,HS03,340432,1321759,WT,1996,3,5,10:00,CL,3502,5.5,7.9,U,2.1,9.6,-,-,33.32,0.9,2,2.5,-,-,-,-,-,-,-,-,B,26.3,9.6,-,-,33.34,1,2,2.3,-,-,-,-,-,-,-,-
HRS,HS04,341732,1322313,WT,1996,3,4,13:40,CL,3702,13,7.1,U,2.2,9.9,-,7.5,32.66,0.6,1,2,-,-,-,-,-,-,-,-,B,24,9.9,-,-,33.44,1.8,1,1.8,-,-,-,-,-,-,-,-
HRS,HS05,341312,1322313,WT,1996,3,4,11:33,CL,3502,11,6.3,U,2.1,9.8,-,-,33.48,2.1,-,-,-,-,-,-,-,-,-,-,B,34.9,9.7,-,-,33.51,1.6,-,-,-,-,-,-,-,-,-,-
HRS,HS06,340852,1322313,WT,1996,3,4,9:44,CL,3502,11,8.7,U,2,9.7,-,7.7,33.5,0.8,2,2,-,-,-,-,-,-,-,-,B,49.3,9.8,-,-,33.54,1.8,8,2.5,-,-,-,-,-,-,-,-
HRS,HS07,340432,1322313,WT,1996,3,5,9:29,CL,3702,7,8.8,U,2.1,9.7,-,-,33.56,1,-,-,-,-,-,-,-,-,-,-,B,21.5,9.7,-,-,33.57,1.2,-,-,-,-,-,-,-,-,-,-
HRS,HS08,341732,1322827,WT,1996,3,4,14:17,CL,3802,16,6.8,U,2.1,9.9,-,7.5,32.75,0.6,-,-,-,-,-,-,-,-,-,-,B,15.2,9.8,-,-,33.31,1.9,-,-,-,-,-,-,-,-,-,-
HRS,HS09,341312,1322959,WT,1996,3,4,14:58,CL,3502,12,6.7,U,2.1,9.7,-,7.7,32.8,0.7,1,2.4,0.17,0.02,<0.005,<0.005,0.01,0.005,-,-,B,18.5,9.6,-,-,33.11,3.9,3,2.3,0.18,0.029,<0.005,0.019,0.03,0.012,-,-
HRS,HS10,340432,1322827,WT,1996,3,5,15:00,CL,3802,10,6.2,U,2,9.9,-,-,33.63,1.6,1,2.3,0.1,0.019,<0.005,0.006,<0.01,0.006,-,-,B,25.6,9.8,-,-,33.64,1.5,2,2.2,0.16,0.022,<0.005,0.01,<0.01,0.006,-,-
HRS,HS11,340012,1322827,WT,1996,3,5,14:22,CL,3502,8,8.3,U,2.1,9.9,-,-,33.57,0.9,-,-,-,-,-,-,-,-,-,-,B,42.2,9.9,-,-,33.61,1.4,-,-,-,-,-,-,-,-,-,-
HRS,HS24,340432,1321245,WT,1996,3,5,10:36,CL,3502,6,6.2,U,2.2,-,-,-,-,1.1,-,-,-,-,-,-,-,-,-,-,B,5.3,-,-,-,-,1.6,-,-,-,-,-,-,-,-,-,-
HRS,HS25,340012,1321759,WT,1996,3,5,11:18,CL,3702,8,8.4,U,2,9.6,-,-,33.26,0.8,-,-,-,-,-,-,-,-,-,-,B,24.3,9.5,-,-,33.27,1.6,-,-,-,-,-,-,-,-,-,-
HRS,HS26,340012,1322313,WT,1996,3,5,13:48,CL,3802,8.5,9.6,U,2.1,9.8,-,-,33.54,0.7,2,1.9,0.1,0.019,<0.005,<0.005,<0.01,0.005,-,-,B,28.1,9.8,-,-,33.56,1.2,3,1.9,0.1,0.019,<0.005,0.006,<0.01,0.006,-,-
IY1,MY12,333832,1321245,WT,1996,2,22,12:22,CL,4105,12,18,U,2,10.4,8.1,-,33.98,0.2,4,2.4,0.34,0.013,<0.005,0.023,0.03,<0.003,-,-,B,50,10.4,8.1,8,34,0.5,5,1.7,0.31,0.011,0.009,0.02,0.01,0.006,-,-
IY2,MY24,334712,1323855,WT,1996,2,22,15:05,CL,3502,8.5,7,U,2,10.2,8.1,9,33.95,1,4,1.6,0.36,0.009,0.006,0.011,0.02,0.007,-,-,B,15,10.4,-,-,34.02,1.8,3,1.5,0.39,0.01,0.007,0.015,0.01,0.009,-,-
IY2,MY26,335132,1323341,WT,1996,2,22,9:43,CL,4105,8,10.5,U,2,10.3,-,8,33.8,0.8,4,1.7,0.35,0.01,0.007,0.012,0.02,0.004,-,-,B,50,10.3,8.2,-,33.81,0.6,2,1.7,0.39,0.007,0.006,0.018,0.02,0.004,-,-
KIS,WY01,341312,1350504,SP,1996,5,16,13:10,CL,4105,23,10,U,2,19.5,8.2,7.8,33.41,0.6,-,-,-,-,-,-,-,-,-,-,B,34,17.9,8.2,7.1,33.61,0.2,-,-,-,-,-,-,-,-,-,-
KIS,WY02,341312,1345950,SP,1996,5,16,11:40,CL,4105,23,11,U,2,19.4,8.2,7.6,33.21,0.6,-,-,-,-,-,-,-,-,-,-,B,46,17.8,8.2,7.2,33.76,0.2,-,-,-,-,-,-,-,-,-,-
KIS,WY03,341312,1345436,SP,1996,5,16,11:10,CL,4105,23,10,U,2,19.3,8.2,7.5,33.2,0.6,-,-,-,-,-,-,-,-,-,-,B,50,17.6,8.2,7.1,33.7,0.2,-,-,-,-,-,-,-,-,-,-
KIS,WY05,340852,1350504,SP,1996,5,16,12:40,CL,4105,23,10,U,2,19.2,8.2,7.4,33.4,0.6,-,-,-,-,-,-,-,-,-,-,B,43,17.8,8.2,7.2,34.06,0.3,-,-,-,-,-,-,-,-,-,-
KIS,WY06,340852,1345950,SP,1996,5,16,12:10,CL,4105,23,11,U,2,18.7,8.2,7.6,33.2,0.5,-,-,-,-,-,-,-,-,-,-,B,50,17.2,8.2,7.1,34.07,0.3,-,-,-,-,-,-,-,-,-,-
KIS,WY07,340852,1345436,SP,1996,5,16,10:40,CL,4105,22,10,U,2,18.6,8.2,7.5,33.3,0.4,-,-,-,-,-,-,-,-,-,-,B,50,17.8,8.2,7.2,34.03,0.2,-,-,-,-,-,-,-,-,-,-
KIS,WY08,340852,1344922,SP,1996,5,16,10:10,CL,4105,22,8,U,2,18.6,8.2,7.3,33.27,0.4,-,-,-,-,-,-,-,-,-,-,B,45,17.9,8.2,7.5,33.86,0.2,-,-,-,-,-,-,-,-,-,-
KIS,WY09,340852,1344408,SP,1996,5,16,9:40,CL,4105,21,7,U,2,18.4,8.2,7.4,33.22,0.6,-,-,-,-,-,-,-,-,-,-,B,22,17.8,8.2,7.1,33.82,0.3,-,-,-,-,-,-,-,-,-,-
KIS,WY10,340852,1343854,SP,1996,5,16,9:10,CL,4105,21,6,U,2,18.2,8.2,7.4,33.13,0.5,-,-,-,-,-,-,-,-,-,-,B,13,17.8,8.2,7.1,33.42,0.4,-,-,-,-,-,-,-,-,-,-
KIS,WY11,340432,1345950,SP,1996,5,15,15:20,CL,4105,23,12,U,2,19.8,8.2,6.5,-,0.5,-,-,-,-,-,-,-,-,-,-,B,50,18.2,8.2,7.6,-,0.4,-,-,-,-,-,-,-,-,-,-
KIS,WY12,340432,1345436,SP,1996,5,15,15:45,CL,4105,23,10,U,2,19.8,8.2,6.7,34.54,0.6,-,-,-,-,-,-,-,-,-,-,B,50,17.8,8.2,7.1,34.51,0.4,-,-,-,-,-,-,-,-,-,-
KIS,WY13,340432,1344922,SP,1996,5,15,16:10,CL,3703,22,7,U,2,17.6,8.3,7.3,34.12,0.7,-,-,-,-,-,-,-,-,-,-,B,50,17.5,8.2,7.1,34.43,0.2,-,-,-,-,-,-,-,-,-,-
KIS,WY14,340432,1344408,SP,1996,5,15,16:40,CL,3805,22,6,U,2,-,-,-,-,0.7,-,-,-,-,-,-,-,-,-,-,B,35,-,-,-,-,0.4,-,-,-,-,-,-,-,-,-,-
KIS,WY15,340432,1343854,SP,1996,5,15,17:05,CL,3703,20,7,U,2,14.5,8.3,7.5,33.1,0.4,-,-,-,-,-,-,-,-,-,-,B,19,14.2,8.3,8.2,33.16,5,-,-,-,-,-,-,-,-,-,-
KIS,WY16,340012,1350504,SP,1996,5,15,11:35,CL,4105,20,11,U,2,19,8.2,6.7,-,0.4,-,-,-,-,-,-,-,-,-,-,B,32,18.3,8.2,7.5,-,0.4,-,-,-,-,-,-,-,-,-,-
KIS,WY17,340012,1345950,SP,1996,5,15,11:10,CL,4105,20,12,U,2,18,8.2,6.7,34.3,0.4,-,-,-,-,-,-,-,-,-,-,B,50,17.9,8.2,7.1,34.6,0.3,-,-,-,-,-,-,-,-,-,-
KIS,WY18,340012,1345436,SP,1996,5,15,10:50,CL,3703,18,7,U,2,16.5,8.2,7.5,33.73,0.4,-,-,-,-,-,-,-,-,-,-,B,50,16.3,8.2,7.5,34.01,0.2,-,-,-,-,-,-,-,-,-,-
KIS,WY19,340012,1344922,SP,1996,5,15,10:20,CL,3703,18,7,U,2,16.8,8.2,7.4,33.87,0.5,-,-,-,-,-,-,-,-,-,-,B,50,15.5,8.2,7.6,33.87,0.2,-,-,-,-,-,-,-,-,-,-
KIS,WY20,340012,1344408,SP,1996,5,15,10:00,CL,3703,16,9,U,2,15.7,8.3,7.7,-,0.7,-,-,-,-,-,-,-,-,-,-,B,40,13.9,8.3,7.7,-,0.3,-,-,-,-,-,-,-,-,-,-
KIS,WY21,335552,1345950,SP,1996,5,14,11:10,CL,4105,18,8,U,2,17.3,8.2,7.2,34.08,0.4,-,-,-,-,-,-,-,-,-,-,B,50,16.7,8.1,7,34.42,2.2,-,-,-,-,-,-,-,-,-,-
KIS,WY22,335552,1345436,SP,1996,5,14,12:40,CL,4105,19,8.5,U,2,17.6,8.2,6.8,34.03,0.3,-,-,-,-,-,-,-,-,-,-,B,50,16.5,8.2,7.1,34.45,0.7,-,-,-,-,-,-,-,-,-,-
KIS,WY23,335552,1344922,SP,1996,5,14,13:30,CL,4105,19,10,U,2,17.8,8.2,7,34.24,0.3,-,-,-,-,-,-,-,-,-,-,B,50,16.6,8.2,7.1,34.41,0.6,-,-,-,-,-,-,-,-,-,-
KIS,WY24,335552,1344408,SP,1996,5,14,14:50,CL,4105,18,9,U,2,15.61,8.2,7.5,34.07,0.2,-,-,-,-,-,-,-,-,-,-,B,50,15.21,8.2,7.9,34.41,0.1,-,-,-,-,-,-,-,-,-,-
KIS,WY26,335132,1345950,SP,1996,5,14,11:40,CL,4105,19,14,U,2,19.2,8.1,6.6,-,0.2,-,-,-,-,-,-,-,-,-,-,B,50,17.6,8.1,7.3,-,0.5,-,-,-,-,-,-,-,-,-,-
KIS,WY27,335132,1345436,SP,1996,5,14,12:10,CL,4105,18,14,U,2,18.2,8.2,6.7,34.31,0.2,-,-,-,-,-,-,-,-,-,-,B,41,17.1,8.2,6.9,34.34,0.4,-,-,-,-,-,-,-,-,-,-
KIS,WY28,335132,1344922,SP,1996,5,14,14:00,CL,4105,19,10,U,2,20.7,8.2,6,34.21,0.2,-,-,-,-,-,-,-,-,-,-,B,50,18,8.2,6.4,34.36,0.3,-,-,-,-,-,-,-,-,-,-
KIS,WY35,340012,1343854,SP,1996,5,15,9:40,CL,4105,16,10,U,2,15.3,8.3,7.7,32.44,0.9,-,-,-,-,-,-,-,-,-,-,B,17,14.1,8.3,7.9,33.28,0.5,-,-,-,-,-,-,-,-,-,-
KIS,WY36,335132,1344408,SP,1996,5,14,14:30,CL,4105,18,11,U,2,20.3,8.2,6.6,34.06,0.2,-,-,-,-,-,-,-,-,-,-,B,35,17.5,8.2,7.2,34.51,0.7,-,-,-,-,-,-,-,-,-,-
OSK,KB01,343642,1351532,SP,1996,5,13,9:35,CL,3106,16,2,U,2,14.8,8.4,8.4,30.97,2.4,-,-,-,-,-,-,-,-,-,-,B,16,13.2,8.2,8,32.74,3.3,-,-,-,-,-,-,-,-,-,-
OSK,KB02,343222,1351532,SP,1996,5,13,10:00,CL,3106,16,2,U,2,14.6,8.4,9.7,31.27,2.8,-,-,-,-,-,-,-,-,-,-,B,17,13.2,8.2,7.5,32.74,5,-,-,-,-,-,-,-,-,-,-
OSK,KB03,342902,1351532,SP,1996,5,13,10:50,CL,3106,16,2,U,2,14.4,8.4,8.2,31.53,2.5,-,-,-,-,-,-,-,-,-,-,B,16.6,12.9,8.2,-,32.77,6,-,-,-,-,-,-,-,-,-,-
OSK,KB05,343642,1351018,SP,1996,5,20,9:10,UC,3703,18,6,U,2,15.5,8.3,8.4,31.65,0.8,-,-,-,-,-,-,-,-,-,-,B,17,14.2,8.2,7.5,32.74,8.8,-,-,-,-,-,-,-,-,-,-
OSK,KB06,343222,1351018,SP,1996,5,20,10:40,UC,3703,20,6,U,2,15,8.3,7.8,32.21,0.9,-,-,-,-,-,-,-,-,-,-,B,29,14.4,8.2,7.7,32.75,1.2,-,-,-,-,-,-,-,-,-,-
OSK,KB07,342902,1351018,SP,1996,5,20,11:00,UC,3703,19,5,U,2,15.3,8.3,8.2,32.15,0.8,-,-,-,-,-,-,-,-,-,-,B,29,14.1,8.2,7.5,32.79,4,-,-,-,-,-,-,-,-,-,-
OSK,KB08,342342,1351018,SP,1996,5,17,9:40,CL,3505,19,4,U,2,-,-,-,-,1.7,-,-,-,-,-,-,-,-,-,-,B,15,-,-,-,-,2.8,-,-,-,-,-,-,-,-,-,-
OSK,KB09,343642,1350504,SP,1996,5,20,9:40,UC,3703,20,6,U,2,14.7,8.2,7.4,32.64,0.8,-,-,-,-,-,-,-,-,-,-,B,27,14.5,8.1,7.8,32.81,3.9,-,-,-,-,-,-,-,-,-,-
OSK,KB10,343222,1350504,SP,1996,5,20,10:10,UC,3703,19,7,U,2,14.8,8.2,7.6,32.55,0.8,-,-,-,-,-,-,-,-,-,-,B,30,14.6,8.2,7.7,32.79,0.9,-,-,-,-,-,-,-,-,-,-
OSK,KB11,342802,1350504,SP,1996,5,20,11:20,UC,3703,20,7,U,2,14.7,8.2,7.6,32.52,0.6,-,-,-,-,-,-,-,-,-,-,B,30,14.3,8.2,8.2,32.71,2.1,-,-,-,-,-,-,-,-,-,-
OSK,KB12,342342,1350504,SP,1996,5,17,10:00,CL,3505,20,5,U,2,15.1,8.2,7.5,33.16,0.9,-,-,-,-,-,-,-,-,-,-,B,35,14.5,8.2,7.7,33.24,1.8,-,-,-,-,-,-,-,-,-,-
OSK,KB13,341922,1350504,SP,1996,5,17,9:05,CL,3505,18,6,U,2,14.8,8.2,7.5,33.16,0.9,-,-,-,-,-,-,-,-,-,-,B,50,14.6,8.2,7.7,33.2,1.4,-,-,-,-,-,-,-,-,-,-
OSK,KB14,342802,1345950,SP,1996,5,20,11:50,UC,3703,20,6,U,2,-,-,-,-,1,-,-,-,-,-,-,-,-,-,-,B,29,-,-,-,-,1.2,-,-,-,-,-,-,-,-,-,-
OSK,KB15,342342,1345950,SP,1996,5,17,10:20,CL,3703,20,7,U,2,15,8.3,7.7,32.96,0.6,-,-,-,-,-,-,-,-,-,-,B,45,15,8.2,7.7,33.37,1.7,-,-,-,-,-,-,-,-,-,-
OSK,KB16,341922,1345950,SP,1996,5,17,10:45,CL,3703,20,6,U,2,15.1,8.3,7.5,33.16,1,-,-,-,-,-,-,-,-,-,-,B,50,15,8.2,7.7,33.34,1.4,-,-,-,-,-,-,-,-,-,-
OSK,KB54,344012,1352046,SP,1996,5,13,8:50,CL,3106,14,2,U,2,13.9,8.2,7.6,30,2.5,-,-,-,-,-,-,-,-,-,-,B,11.3,12.2,8.2,6.1,32.7,3.9,-,-,-,-,-,-,-,-,-,-
OSK,KB55,343642,1352046,SP,1996,5,13,9:10,CL,3106,15,2,U,2,13.8,8.3,7.4,31,1.8,-,-,-,-,-,-,-,-,-,-,B,13.3,12.6,8.2,7.4,32.71,6.3,-,-,-,-,-,-,-,-,-,-
OSK,KB56,343222,1352046,SP,1996,5,13,10:20,CL,3106,16,2,U,2,13.85,8.3,6.2,31.82,1.5,-,-,-,-,-,-,-,-,-,-,B,12.9,11.76,8.2,5.3,32.74,4.3,-,-,-,-,-,-,-,-,-,-
OSK,KB57,344012,1351532,SP,1996,5,13,8:20,CL,3106,15,1.5,U,2,14.4,8.2,9.6,27.9,4.1,-,-,-,-,-,-,-,-,-,-,B,11.3,12,8.2,5.1,32.53,5.9,-,-,-,-,-,-,-,-,-,-
OSK,KB58,342342,1345436,SP,1996,5,17,11:30,CL,3703,23,7,U,2,15.1,8.3,8.3,32.59,0.3,-,-,-,-,-,-,-,-,-,-,B,29,13.5,8.2,7.9,32.78,1.8,-,-,-,-,-,-,-,-,-,-
OSK,KB59,341922,1345556,SP,1996,5,17,11:05,CL,3703,21,8,U,2,15.5,8.3,8.1,32.59,0.5,-,-,-,-,-,-,-,-,-,-,B,37,14.6,8.2,7.7,33.2,2,-,-,-,-,-,-,-,-,-,-
HAR,KB17,343642,1345436,SP,1996,5,24,9:10,CL,3703,18,7,U,2,15.4,8.2,7.3,32.75,0.9,-,-,-,-,-,-,-,-,-,-,B,29,15.3,8.2,7.8,32.76,1.1,-,-,-,-,-,-,-,-,-,-
HAR,KB18,343642,1344922,SP,1996,5,24,9:50,CL,3703,20,7,U,2,16.1,8.2,7.8,32.71,0.5,-,-,-,-,-,-,-,-,-,-,B,26,14.9,8.2,9.3,32.82,2,-,-,-,-,-,-,-,-,-,-
HAR,KB19,343222,1344922,SP,1996,5,22,11:30,CL,3502,20,7,U,2,15,8.2,7.4,32.7,1.1,-,-,-,-,-,-,-,-,-,-,B,13,14.7,8.2,7.6,32.72,4.7,-,-,-,-,-,-,-,-,-,-
HAR,KB20,344452,1344408,SP,1996,5,24,11:30,CL,3304,20,4,U,2,17.8,8.2,8.2,32.26,2.1,-,-,-,-,-,-,-,-,-,-,B,10,15.6,8.1,9.1,32.74,3.7,-,-,-,-,-,-,-,-,-,-
HAR,KB21,344102,1344408,SP,1996,5,24,10:40,CL,3703,19,7,U,2,16.8,8.2,7.5,32.85,0.7,-,-,-,-,-,-,-,-,-,-,B,20,13.7,8.2,7.9,32.94,2.8,-,-,-,-,-,-,-,-,-,-
HAR,KB22,343642,1344408,SP,1996,5,24,10:10,CL,3703,19,6,U,2,15.6,8.2,7.6,32.73,0.6,-,-,-,-,-,-,-,-,-,-,B,25,14.1,8.2,7.8,32.99,1.3,-,-,-,-,-,-,-,-,-,-
HAR,KB23,343222,1344408,SP,1996,5,22,11:00,CL,3703,19,6,U,2,15.1,8.2,7.5,32.74,1.8,-,-,-,-,-,-,-,-,-,-,B,25,14.8,8.2,7.9,32.74,0.8,-,-,-,-,-,-,-,-,-,-
HAR,KB24,342802,1344408,SP,1996,5,22,10:40,CL,3805,18,6,U,2,15.1,8.2,7.6,32.72,0.4,-,-,-,-,-,-,-,-,-,-,B,30,14.5,8.2,8.2,32.75,3.9,-,-,-,-,-,-,-,-,-,-
HAR,KB25,342342,1344408,SP,1996,5,21,10:20,CL,3703,22,6,U,2,15.3,8.2,7.7,32.77,0.5,-,-,-,-,-,-,-,-,-,-,B,17,13.9,8.2,8.1,32.76,1,-,-,-,-,-,-,-,-,-,-
HAR,KB26,344452,1343854,SP,1996,5,23,8:40,CL,3703,17,3,U,2,16.7,8.3,7.6,32.19,0.9,-,-,-,-,-,-,-,-,-,-,B,12,15.1,8.3,8.1,32.74,1.7,-,-,-,-,-,-,-,-,-,-
HAR,KB27,344102,1343854,SP,1996,5,23,9:00,CL,3502,18,6,U,2,15.5,8.2,7.6,32.63,1.1,-,-,-,-,-,-,-,-,-,-,B,23,13.1,8.2,7.4,32.85,2.3,-,-,-,-,-,-,-,-,-,-
HAR,KB28,343642,1343854,SP,1996,5,23,9:20,CL,3703,18,7,U,2,16,8.2,7.5,32.89,0.4,-,-,-,-,-,-,-,-,-,-,B,30,12.8,8.2,8.2,33,1.8,-,-,-,-,-,-,-,-,-,-
HAR,KB29,343222,1343854,SP,1996,5,23,9:50,CL,3805,18,7,U,2,15.2,8.2,7.7,32.92,0.4,-,-,-,-,-,-,-,-,-,-,B,25,14.4,8.2,8,33.01,1.5,-,-,-,-,-,-,-,-,-,-
HAR,KB30,342802,1343854,SP,1996,5,23,10:10,CL,3703,19,7,U,2,15.8,8.2,7.8,32.7,0.5,-,-,-,-,-,-,-,-,-,-,B,28,14.4,8.2,7.9,32.96,6.9,-,-,-,-,-,-,-,-,-,-
HAR,KB31,342342,1343854,SP,1996,5,21,10:40,CL,3703,20,7,U,2,15,8.2,7.9,32.89,0.4,-,-,-,-,-,-,-,-,-,-,B,30,13.7,8.2,8,32.97,1.3,-,-,-,-,-,-,-,-,-,-
HAR,KB32,341922,1343854,SP,1996,5,21,11:10,CL,3703,21,7,U,2,15,8.2,7.7,32.7,0.5,-,-,-,-,-,-,-,-,-,-,B,30,13.3,8.2,7.8,32.86,2.1,-,-,-,-,-,-,-,-,-,-
HAR,KB33,344452,1343340,SP,1996,5,22,16:40,CL,3505,20,3,U,2,17.3,8.2,8.2,32.18,1.2,-,-,-,-,-,-,-,-,-,-,B,12,12.1,8.2,8.3,32.55,4.8,-,-,-,-,-,-,-,-,-,-
HAR,KB34,344102,1343340,SP,1996,5,22,16:20,CL,3703,21,7,U,2,14.9,8.2,7.7,32.75,0.9,-,-,-,-,-,-,-,-,-,-,B,27,13.5,8.2,7.7,32.85,3.6,-,-,-,-,-,-,-,-,-,-
HAR,KB35,343642,1343340,SP,1996,5,22,16:00,CL,3703,25,8,U,2,15.7,8.2,7.6,32.77,0.3,-,-,-,-,-,-,-,-,-,-,B,30,12.5,8.2,7.7,32.96,1.2,-,-,-,-,-,-,-,-,-,-
HAR,KB36,343222,1343340,SP,1996,5,22,15:30,CL,3703,22,7,U,2,15,8.2,7.6,32.93,0.3,-,-,-,-,-,-,-,-,-,-,B,30,13.9,8.2,7.8,33,0.7,-,-,-,-,-,-,-,-,-,-
HAR,KB37,342802,1343340,SP,1996,5,22,15:10,CL,3703,21,7,U,2,15.3,8.2,7.6,32.91,0.4,-,-,-,-,-,-,-,-,-,-,B,30,14.2,8.2,8.3,33.01,0.9,-,-,-,-,-,-,-,-,-,-
HAR,KB38,342342,1343340,SP,1996,5,21,14:30,CL,3703,24,6,U,2,15.2,8.2,7.8,32.86,0.5,-,-,-,-,-,-,-,-,-,-,B,30,14.2,8.2,7.8,33.04,2.3,-,-,-,-,-,-,-,-,-,-
HAR,KB39,341922,1343340,SP,1996,5,21,14:00,CL,3703,20,6,U,2,14.6,8.2,7.6,32.87,1,-,-,-,-,-,-,-,-,-,-,B,30,14,8.2,7.8,33.01,1,-,-,-,-,-,-,-,-,-,-
HAR,KB40,341502,1343340,SP,1996,5,21,11:40,CL,3703,21,7,U,2,15.9,8.2,7.5,33.02,0.6,-,-,-,-,-,-,-,-,-,-,B,30,13.5,8.2,7.8,33.04,1.5,-,-,-,-,-,-,-,-,-,-
HAR,KB41,344422,1342826,SP,1996,5,22,8:40,UC,3106,17,3,U,2,17.3,8.2,8.5,31.77,2.2,-,-,-,-,-,-,-,-,-,-,B,7,15.9,8.1,7.8,32.58,6.5,-,-,-,-,-,-,-,-,-,-
HAR,KB42,344102,1342826,SP,1996,5,22,9:00,UC,3805,17,6,U,2,15.7,8.2,7.8,32.52,0.9,-,-,-,-,-,-,-,-,-,-,B,26,13.2,8.2,7.6,32.87,4.3,-,-,-,-,-,-,-,-,-,-
HAR,KB43,343712,1342826,SP,1996,5,22,10:05,CL,3703,24,7,U,2,15.2,8.2,7.4,32.83,0.7,-,-,-,-,-,-,-,-,-,-,B,30,13.5,8.2,8.7,32.97,2.1,-,-,-,-,-,-,-,-,-,-
HAR,KB44,343222,1342826,SP,1996,5,22,10:35,CL,3703,18,8,U,2,15,8.2,7.6,32.83,0.6,-,-,-,-,-,-,-,-,-,-,B,30,12.3,8.2,7.9,32.97,1.2,-,-,-,-,-,-,-,-,-,-
HAR,KB45,342802,1342826,SP,1996,5,22,14:40,CL,3703,20,7,U,2,15.2,8.2,7.7,33.01,0.4,-,-,-,-,-,-,-,-,-,-,B,30,12.5,8.2,7.9,33.02,0.8,-,-,-,-,-,-,-,-,-,-
HAR,KB46,342342,1342826,SP,1996,5,21,14:50,CL,3505,24,6,U,2,15.5,8.2,7.8,32.92,0.6,-,-,-,-,-,-,-,-,-,-,B,30,13.8,8.2,7.7,33.07,2,-,-,-,-,-,-,-,-,-,-
HAR,KB47,341922,1342826,SP,1996,5,21,13:40,CL,3305,25,6,U,2,15.6,8.2,7.7,32.99,0.4,-,-,-,-,-,-,-,-,-,-,B,30,11.6,8.2,7.4,33.11,1.6,-,-,-,-,-,-,-,-,-,-
HAR,KB48,341502,1342826,SP,1996,5,21,13:10,CL,3505,22,5,U,2,15.8,8.2,7.6,33.06,0.7,-,-,-,-,-,-,-,-,-,-,B,22,13.2,8.2,7.5,33.07,1.2,-,-,-,-,-,-,-,-,-,-
HAR,KB49,344102,1342312,SP,1996,5,22,9:20,CL,3805,23,5,U,2,16.4,8.3,8.1,32.25,1.2,-,-,-,-,-,-,-,-,-,-,B,11,10.6,8.2,8.3,32.68,2.8,-,-,-,-,-,-,-,-,-,-
HAR,KB50,343642,1342312,SP,1996,5,22,9:40,CL,3702,23,5,U,2,15.2,8.2,7.7,32.77,1,-,-,-,-,-,-,-,-,-,-,B,30,13.5,8.2,8.8,32.92,3.3,-,-,-,-,-,-,-,-,-,-
HAR,KB51,343222,1342312,SP,1996,5,22,11:00,CL,3703,18,5,U,2,14.9,8.2,7.5,32.8,1.7,-,-,-,-,-,-,-,-,-,-,B,28,13,8.2,8.2,32.89,0.7,-,-,-,-,-,-,-,-,-,-
HAR,KB52,342802,1342312,SP,1996,5,22,11:20,UC,4105,20,11,U,2,15.6,8.2,7.6,32.98,0.3,-,-,-,-,-,-,-,-,-,-,B,29,12.9,8.2,7.6,32.98,1.2,-,-,-,-,-,-,-,-,-,-
HAR,KB60,344102,1344922,SP,1996,5,24,11:00,CL,3703,20,6,U,2,16.9,8.2,7.8,32.39,0.8,-,-,-,-,-,-,-,-,-,-,B,16,14.8,8.2,8.3,32.84,1.2,-,-,-,-,-,-,-,-,-,-
BS1,SD01,342445,1332539,SP,1996,5,30,13:25,RA,3106,19.6,3.3,U,2,19.43,8,7.3,32.52,3.7,-,-,-,-,-,-,-,-,-,-,B,5,19.2,7.9,7.1,32.83,3.3,-,-,-,-,-,-,-,-,-,-
BS1,SD02,342552,1332951,SP,1996,5,30,11:29,RA,3304,19.2,4.4,U,2,18.06,8,6.5,32.93,2.9,-,-,-,-,-,-,-,-,-,-,B,13,17.15,7.9,9,33.18,1.8,-,-,-,-,-,-,-,-,-,-
BS1,SD04,342552,1333505,SP,1996,5,30,10:52,RA,3304,19,5,U,2,18.93,8,6.5,32.72,1.8,-,-,-,-,-,-,-,-,-,-,B,9,17.39,7.9,6,33.15,3.1,-,-,-,-,-,-,-,-,-,-
BS1,SD07,343012,1333955,SP,1996,5,30,10:07,RA,3106,19.2,2,U,2,18.59,-,5.7,32.38,8.5,-,-,-,-,-,-,-,-,-,-,B,4,18.28,-,6.8,32.62,15.8,-,-,-,-,-,-,-,-,-,-
BS1,SD08,342552,1334019,SP,1996,5,30,9:35,RA,3304,18.5,4,U,2,16.53,8,6.4,33.21,2.7,-,-,-,-,-,-,-,-,-,-,B,4,16.57,7.8,6.5,33.22,2.9,-,-,-,-,-,-,-,-,-,-
BS1,SD11,342552,1334532,SP,1996,5,30,9:03,RA,3304,18.3,5,U,2,17.11,8,6.3,33.04,2.4,-,-,-,-,-,-,-,-,-,-,B,9,17.02,8,6.2,33.16,3.7,-,-,-,-,-,-,-,-,-,-
BS2,SD18,343432,1340628,SP,1996,5,31,15:11,CL,3105,22.3,1.5,U,2,18.19,8,6.1,31.66,9.2,-,-,-,-,-,-,-,-,-,-,B,18,17.68,8,6,32.69,-,-,-,-,-,-,-,-,-,-,-
BS2,SD21,343852,1341142,SP,1996,5,31,14:00,RA,3304,22.1,3.5,U,2,19.47,8,6.3,32.15,3.3,-,-,-,-,-,-,-,-,-,-,B,4,18.63,7.9,6.4,32.28,9.5,-,-,-,-,-,-,-,-,-,-
BS2,SD22,343432,1341142,SP,1996,5,31,14:38,CL,3304,21.4,2.5,U,2,19.13,8,6.5,31.86,4.6,-,-,-,-,-,-,-,-,-,-,B,19,17.6,8,6.1,32.74,-,-,-,-,-,-,-,-,-,-,-
BS2,SD23,342552,1341142,SP,1996,5,31,9:54,CL,3304,20.8,6.5,U,2,17.16,8,6.4,32.94,1.7,-,-,-,-,-,-,-,-,-,-,B,16,16.71,8,7.6,32.93,2.5,-,-,-,-,-,-,-,-,-,-
BS2,SD24,343852,1341656,SP,1996,5,31,13:31,CL,3304,22.8,5,U,2,17.82,8.1,6.2,32.48,4.1,-,-,-,-,-,-,-,-,-,-,B,8,16.97,8,6.2,32.57,6.9,-,-,-,-,-,-,-,-,-,-
BS2,SD25,343432,1341656,SP,1996,5,31,11:25,FI,3505,21.5,9,U,2,18.87,8.1,6.4,32.26,0.9,-,-,-,-,-,-,-,-,-,-,B,26,14.35,8.1,6.1,32.8,4,-,-,-,-,-,-,-,-,-,-
BS1,SD48,341712,1331923,SP,1996,5,30,14:21,RA,3304,19.8,9,U,2,19.27,8,6.6,33.05,0.4,-,-,-,-,-,-,-,-,-,-,B,15,16.25,8,7.6,33.47,6,-,-,-,-,-,-,-,-,-,-
HIU,SD54,341312,1332437,SP,1996,5,28,11:07,CL,3505,22.3,11,U,2,19.08,8.2,6.7,33.27,0.4,-,-,-,-,-,-,-,-,-,-,B,17,16.91,8.2,8.1,33.53,5.5,-,-,-,-,-,-,-,-,-,-
HIU,SD55,340852,1332437,SP,1996,5,28,11:37,CL,3505,21.4,11,U,2,18.63,8.2,6.7,33.47,0.6,-,-,-,-,-,-,-,-,-,-,B,14,15.77,8.2,7.8,33.48,1,-,-,-,-,-,-,-,-,-,-
HIU,SD58,341312,1332951,SP,1996,5,28,10:37,CL,3505,21.3,11,U,2,19.02,8.2,6.6,33.25,0.4,-,-,-,-,-,-,-,-,-,-,B,19,15.16,8.2,6.1,33.51,5.1,-,-,-,-,-,-,-,-,-,-
HIU,SD59,340852,1332951,SP,1996,5,28,13:32,CL,3505,22.7,10.5,U,2,19.66,8.2,6.9,33.31,0.5,-,-,-,-,-,-,-,-,-,-,B,16,15.07,8.2,6.9,33.47,1.8,-,-,-,-,-,-,-,-,-,-
HIU,SD62,341312,1333505,SP,1996,5,28,15:14,CL,3505,22.4,10,U,2,18.8,8.2,6.9,33.32,0.4,-,-,-,-,-,-,-,-,-,-,B,14,14.64,8.3,6.9,33.48,1,-,-,-,-,-,-,-,-,-,-
HIU,SD63,340852,1333505,SP,1996,5,28,14:43,CL,3505,23.2,10,U,2,19.89,8.2,6.7,33.27,0.5,-,-,-,-,-,-,-,-,-,-,B,20,13.55,8.2,6.9,33.45,5.7,-,-,-,-,-,-,-,-,-,-
HIU,SD64,340432,1333505,SP,1996,5,28,14:12,CL,3505,22.7,9,U,2,20.62,8.2,6.9,33.39,0.5,-,-,-,-,-,-,-,-,-,-,B,18,13.99,8.3,9.7,33.49,0.8,-,-,-,-,-,-,-,-,-,-
HIU,MY40,340432,1330341,SP,1996,5,29,8:52,UO,3703,18.5,9,U,2,14.9,8.1,6.7,33.63,1.6,-,-,-,-,-,-,-,-,-,-,B,35,14.9,8,9.1,33.64,1.6,-,-,-,-,-,-,-,-,-,-
HIU,MY41,340852,1330855,SP,1996,5,29,12:09,UO,3805,20,9.5,U,2,16.7,8,7.5,33.49,0.4,-,-,-,-,-,-,-,-,-,-,B,18,15.5,7.9,9.9,33.56,5.9,-,-,-,-,-,-,-,-,-,-
HIU,MY42,340432,1330855,SP,1996,5,29,9:27,UO,3703,18.5,8,U,2,16.4,8.1,6.8,33.49,0.8,-,-,-,-,-,-,-,-,-,-,B,35,15.1,8,8.8,33.57,3.9,-,-,-,-,-,-,-,-,-,-
HIU,MY43,340012,1330855,SP,1996,5,28,9:30,OL,3805,23,10,U,2,19,7.9,8.6,33.49,0.3,-,-,-,-,-,-,-,-,-,-,B,12,15.4,7.8,9.1,33.56,3.1,-,-,-,-,-,-,-,-,-,-
HIU,MY45,340852,1331409,SP,1996,5,29,11:40,UO,3805,20.5,10.5,U,2,17.5,8,7.1,33.49,0.2,-,-,-,-,-,-,-,-,-,-,B,22,15,8,8.2,33.52,6.1,-,-,-,-,-,-,-,-,-,-
HIU,MY46,340432,1331409,SP,1996,5,29,10:03,UO,3805,18.5,10.5,U,2,17.2,8,6.5,33.5,0.3,-,-,-,-,-,-,-,-,-,-,B,28,14.8,7.9,10.2,33.53,2.1,-,-,-,-,-,-,-,-,-,-
HIU,MY47,340012,1331409,SP,1996,5,28,10:05,OL,3805,21,10,U,2,18.9,7.9,7.5,33.5,0.2,-,-,-,-,-,-,-,-,-,-,B,15,15.2,7.8,8,33.52,2.9,-,-,-,-,-,-,-,-,-,-
HIU,MY50,340852,1331923,SP,1996,5,29,11:08,UO,3805,20,10.5,U,2,19.4,7.9,7.3,33.42,0.2,-,-,-,-,-,-,-,-,-,-,B,16,15.4,7.9,10.5,33.53,3,-,-,-,-,-,-,-,-,-,-
HIU,MY51,340432,1331923,SP,1996,5,29,10:37,UO,4105,20,10.5,U,2,19,8,7,33.42,0.2,-,-,-,-,-,-,-,-,-,-,B,19,14.1,7.9,11.4,33.54,3.4,-,-,-,-,-,-,-,-,-,-
HIU,MY52,340022,1331923,SP,1996,5,28,10:35,UO,3505,21.5,6,U,2,18.3,7.9,7.4,33.54,1.4,-,-,-,-,-,-,-,-,-,-,B,15,15,7.9,8.1,33.52,-,-,-,-,-,-,-,-,-,-,-
HIU,MY56,340432,1332437,SP,1996,5,28,12:55,UO,3805,22,10,U,2,17.8,8,7.1,33.39,0.1,-,-,-,-,-,-,-,-,-,-,B,16,13.9,7.9,7.7,33.49,4.1,-,-,-,-,-,-,-,-,-,-
HIU,MY57,340012,1332437,SP,1996,5,28,11:10,UO,3805,22,9.5,U,2,19.6,7.9,7.6,33.36,0.3,-,-,-,-,-,-,-,-,-,-,B,13,15,8,9.2,33.5,1.1,-,-,-,-,-,-,-,-,-,-
HIU,MY60,340432,1332951,SP,1996,5,28,12:23,UO,3805,21.5,8.5,U,2,19.9,7.9,7.4,-,0.2,-,-,-,-,-,-,-,-,-,-,B,17,14.4,7.9,9.2,-,1.6,-,-,-,-,-,-,-,-,-,-
HIU,MY61,340012,1332951,SP,1996,5,28,11:50,UO,3805,22.5,10,U,2,19.4,7.9,7.5,33.39,0.3,-,-,-,-,-,-,-,-,-,-,B,15,14.3,7.9,7.7,33.53,4.4,-,-,-,-,-,-,-,-,-,-
AKI,HS12,341312,1323639,SP,1996,5,21,9:00,CL,3504,20,2.7,U,2,14.7,8.1,6.9,33.14,3.8,-,-,-,-,-,-,-,-,-,-,B,6.9,14.1,8.2,7.1,33.53,8,-,-,-,-,-,-,-,-,-,-
AKI,HS13,340852,1323341,SP,1996,5,21,14:28,CL,3502,23,5.7,U,2,14.6,8.2,7.3,33.5,1.6,-,-,-,-,-,-,-,-,-,-,B,13,14.2,8.2,7.4,33.56,2.9,-,-,-,-,-,-,-,-,-,-
AKI,HS21,341312,1324923,SP,1996,5,21,13:03,CL,3802,22,6.3,U,2,14.3,8.2,7.4,33.59,1.1,-,-,-,-,-,-,-,-,-,-,B,21.7,13.9,8.2,7.7,33.61,1.6,-,-,-,-,-,-,-,-,-,-
AKI,HS22,341832,1325437,SP,1996,5,21,10:39,CL,3802,19,6.4,U,2,14.3,8.2,7.4,33.55,2.2,-,-,-,-,-,-,-,-,-,-,B,38.5,14.2,8.2,7.4,33.56,5.2,-,-,-,-,-,-,-,-,-,-
AKI,HS33,340012,1324409,SP,1996,5,27,11:07,UO,4105,20,11,U,2,15.7,8.1,7.4,33.69,0.3,-,-,-,-,-,-,-,-,-,-,B,41,14.7,8,9.1,33.71,0.8,-,-,-,-,-,-,-,-,-,-
HRS,HS01,341312,1321759,SP,1996,5,22,10:37,CL,3502,20,5.7,U,2,16.1,8.3,6.7,32.75,0.7,-,-,-,-,-,-,-,-,-,-,B,22.6,13.1,8,5.3,33.45,10.8,-,-,-,-,-,-,-,-,-,-
HRS,HS02,340852,1321759,SP,1996,5,22,10:05,CL,3502,22,7.6,U,2,16,8.3,7.6,32.97,0.8,-,-,-,-,-,-,-,-,-,-,B,30.1,13,8.3,7.4,33.54,4.8,-,-,-,-,-,-,-,-,-,-
HRS,HS03,340432,1321759,SP,1996,5,20,10:10,UC,3502,21,7.6,U,2,15.6,8.2,7.9,32.9,0.9,-,-,-,-,-,-,-,-,-,-,B,26.4,13.2,8.2,7.3,33.58,3.9,-,-,-,-,-,-,-,-,-,-
HRS,HS04,341732,1322313,SP,1996,5,22,13:43,CL,3702,21,5.4,U,2,16.8,8.3,7.1,32.12,0.9,-,-,-,-,-,-,-,-,-,-,B,25.2,13.6,8.3,6.6,33.4,4.3,-,-,-,-,-,-,-,-,-,-
HRS,HS05,341312,1322313,SP,1996,5,22,11:09,CL,3502,19,6.2,U,2,15.2,8.3,7.1,33.42,0.7,-,-,-,-,-,-,-,-,-,-,B,33.3,13.9,8.1,7.4,33.49,1.1,-,-,-,-,-,-,-,-,-,-
HRS,HS06,340852,1322313,SP,1996,5,22,9:33,CL,3702,21,6.4,U,2,14.9,8.3,7.3,33.42,0.9,-,-,-,-,-,-,-,-,-,-,B,48.3,13.3,8.3,6.9,33.53,8,-,-,-,-,-,-,-,-,-,-
HRS,HS07,340432,1322313,SP,1996,5,20,9:37,UC,3702,20,6.4,U,2,14.1,8.2,7.7,33.55,1.2,-,-,-,-,-,-,-,-,-,-,B,21.4,13.7,8.2,7.8,33.59,2.7,-,-,-,-,-,-,-,-,-,-
HRS,HS08,341732,1322827,SP,1996,5,22,14:16,CL,3502,25,4.6,U,2,16.4,8.3,7.3,32.47,0.9,-,-,-,-,-,-,-,-,-,-,B,15.8,13.7,8.3,6.8,33.3,2.1,-,-,-,-,-,-,-,-,-,-
HRS,HS09,341312,1322959,SP,1996,5,21,15:14,CL,3702,25,7.2,U,2,15.3,8.3,7.6,32.87,0.7,-,-,-,-,-,-,-,-,-,-,B,19.4,13,8.1,6.1,33.18,2.4,-,-,-,-,-,-,-,-,-,-
HRS,HS10,340432,1322827,SP,1996,5,20,14:40,UC,3802,19.5,6.5,U,2,14.6,8.2,7.6,33.54,0.8,-,-,-,-,-,-,-,-,-,-,B,24.9,13.7,8.2,7.5,33.62,3.7,-,-,-,-,-,-,-,-,-,-
HRS,HS11,340012,1322827,SP,1996,5,20,14:04,UC,3802,19,7.5,U,2,14.3,8.3,7.5,33.45,0.9,-,-,-,-,-,-,-,-,-,-,B,41.3,13.8,8.2,7.5,33.61,1.6,-,-,-,-,-,-,-,-,-,-
HRS,HS24,340432,1321245,SP,1996,5,20,10:42,UC,3702,21.5,4,U,2,16.4,8.2,8.1,32.46,1.3,-,-,-,-,-,-,-,-,-,-,B,7.8,13.5,8.3,7.6,33.19,1.9,-,-,-,-,-,-,-,-,-,-
HRS,HS25,340012,1321759,SP,1996,5,20,11:27,UC,3702,20,6.5,U,2,15.5,8.2,8.1,33.12,0.7,-,-,-,-,-,-,-,-,-,-,B,25.3,12.4,8.2,6.6,33.54,5.7,-,-,-,-,-,-,-,-,-,-
HRS,HS26,340012,1322313,SP,1996,5,20,13:35,UC,3802,20,8,U,2,15.4,8.3,7.9,33.21,0.6,-,-,-,-,-,-,-,-,-,-,B,27.6,13.8,8.2,7.6,33.58,3.9,-,-,-,-,-,-,-,-,-,-
IY1,MY12,333832,1321245,SP,1996,5,20,12:00,UO,4105,18,12.5,U,2,17,8.1,6.9,33.93,<0.1,-,-,-,-,-,-,-,-,-,-,B,50,12.1,8.1,8.5,33.93,1.1,-,-,-,-,-,-,-,-,-,-
IY2,MY24,334712,1323855,SP,1996,5,20,14:40,UO,3304,18,4.5,U,2,15.1,8,7.9,33.77,1.5,-,-,-,-,-,-,-,-,-,-,B,14,14.4,-,7.6,33.83,4.1,-,-,-,-,-,-,-,-,-,-
IY2,MY26,335132,1323341,SP,1996,5,20,9:19,UO,3805,17,7,U,2,13.9,8.1,7.4,33.62,0.7,-,-,-,-,-,-,-,-,-,-,B,50,13.7,8.1,7.9,33.92,2.4,-,-,-,-,-,-,-,-,-,-
KIS,WY01,341312,1350504,SM,1996,8,22,15:15,CL,3703,28,5,U,2,27.5,8.3,6.9,32.98,0.9,-,-,-,-,-,-,-,-,-,-,B,34,23.9,8.3,5.2,33.69,5.2,-,-,-,-,-,-,-,-,-,-
KIS,WY02,341312,1345950,SM,1996,8,22,10:30,CL,3703,28,6,U,2,24.9,8.3,5.9,33.37,1.8,2,1,-,-,-,-,-,-,-,-,B,49,23.1,8.3,6.1,34.01,4.3,3,0.8,-,-,-,-,-,-,-,-
KIS,WY03,341312,1345436,SM,1996,8,22,11:00,CL,3703,28,8,U,2,25.9,8.3,5.8,32.94,0.8,-,-,-,-,-,-,-,-,-,-,B,50,23.6,8.3,5.9,33.86,1.4,-,-,-,-,-,-,-,-,-,-
KIS,WY05,340852,1350504,SM,1996,8,22,12:30,CL,3703,29,7,U,2,26.3,8.3,6.4,33.05,0.6,2,1.3,-,-,-,-,-,-,-,-,B,40,24.3,8.2,5.6,33.61,1.6,2,1,-,-,-,-,-,-,-,-
KIS,WY06,340852,1345950,SM,1996,8,22,12:00,CL,3703,29,6,U,2,26.3,8.3,6.2,33.1,2.2,-,-,-,-,-,-,-,-,-,-,B,48,23.2,8.3,6.4,34.25,0.7,-,-,-,-,-,-,-,-,-,-
KIS,WY07,340852,1345436,SM,1996,8,22,10:40,CL,4105,29,8,U,2,26.4,8.3,5.9,33.03,0.6,1,1,0.28,0.036,<0.005,<0.005,<0.01,0.013,-,-,B,50,24.3,8.3,6,33.76,1.1,1,0.5,0.28,0.024,<0.005,0.05,<0.01,0.014,-,-
KIS,WY08,340852,1344922,SM,1996,8,22,10:10,CL,4105,30,8,U,2,26.9,8.3,6.4,33.23,0.5,-,-,-,-,-,-,-,-,-,-,B,49,21.5,8.4,5,34.22,8.4,-,-,-,-,-,-,-,-,-,-
KIS,WY09,340852,1344408,SM,1996,8,22,9:40,CL,3703,28,5,U,2,25.8,8.3,5.2,32.63,2.5,2,1.3,-,-,-,-,-,-,-,-,B,20,25.7,8.1,5.3,32.74,3.2,7,1.1,-,-,-,-,-,-,-,-
KIS,WY10,340852,1343854,SM,1996,8,22,9:15,CL,3703,26,5,U,2,25.8,8.3,5.3,32.52,1.8,-,-,-,-,-,-,-,-,-,-,B,15,25.7,8,5.3,32.57,4.1,-,-,-,-,-,-,-,-,-,-
KIS,WY11,340432,1345950,SM,1996,8,21,15:00,CL,3703,28,6.5,U,2,26.3,8.3,6.5,32.96,0.6,3,1.4,-,-,-,-,-,-,-,-,B,50,22.8,8.3,6.6,34.29,0.4,2,0.9,-,-,-,-,-,-,-,-
KIS,WY12,340432,1345436,SM,1996,8,21,15:30,CL,3703,28,6,U,2,26.6,8.3,6.6,32.93,0.7,-,-,-,-,-,-,-,-,-,-,B,50,21.1,8.3,6.3,34.46,2.2,-,-,-,-,-,-,-,-,-,-
KIS,WY13,340432,1344922,SM,1996,8,21,16:00,CL,3703,27,5,U,2,27.2,8.3,6.9,32.63,0.8,3,1.5,-,-,-,-,-,-,-,-,B,50,21.5,8.3,5.1,34.21,7.9,7,0.8,-,-,-,-,-,-,-,-
KIS,WY14,340432,1344408,SM,1996,8,21,16:30,UC,3302,27,3,U,2,26.2,8.2,7.1,32.39,1.4,-,-,-,-,-,-,-,-,-,-,B,33,25.5,8.1,5.8,33.4,5.2,-,-,-,-,-,-,-,-,-,-
KIS,WY15,340432,1343854,SM,1996,8,21,16:55,UC,3802,27,2,U,2,27.1,8.3,8.4,30.23,2.3,4,2.6,0.33,0.016,<0.005,<0.005,<0.01,0.005,-,-,B,18,25.4,8.2,5.9,32.57,8.2,10,1.1,0.24,0.025,0.03,0.02,0.03,0.015,-,-
KIS,WY16,340012,1350504,SM,1996,8,21,11:10,CL,3703,30,7,U,2,27,8.3,6.7,33.04,0.8,5,1.2,-,-,-,-,-,-,-,-,B,43,23.5,8.3,6.5,34.17,1.4,3,0.5,-,-,-,-,-,-,-,-
KIS,WY17,340012,1345950,SM,1996,8,21,10:45,CL,3703,28,7,U,2,26.8,8.3,6.6,33.04,0.6,-,-,-,-,-,-,-,-,-,-,B,50,23.8,8.3,6.6,34.21,0.4,-,-,-,-,-,-,-,-,-,-
KIS,WY18,340012,1345436,SM,1996,8,21,10:10,CL,3703,29,7,U,2,26.7,8.3,6.4,33.1,0.5,2,1.1,-,-,-,-,-,-,-,-,B,50,25.6,8.3,7,33.91,0.4,2,1,-,-,-,-,-,-,-,-
KIS,WY19,340012,1344922,SM,1996,8,21,9:45,CL,3703,28,8,U,2,27.1,8.3,6.8,33.2,4.2,-,-,-,-,-,-,-,-,-,-,B,50,23.2,8.3,5.2,34.1,3.7,-,-,-,-,-,-,-,-,-,-
KIS,WY20,340012,1344408,SM,1996,8,21,9:15,CL,3703,27,6,U,2,26.4,8.3,6.8,32.1,0.6,4,1.5,-,-,-,-,-,-,-,-,B,38,24.8,8.2,5.2,33.37,11.3,10,1.2,-,-,-,-,-,-,-,-
KIS,WY21,335552,1345950,SM,1996,8,20,11:40,CL,3804,28,5.5,U,2,26.6,8.3,6.4,33.03,1.5,2,1.3,0.27,0.018,<0.005,<0.005,0.04,0.007,-,-,B,50,23.6,8.3,6.4,34.23,0.6,2,0.6,0.15,0.011,<0.005,0.02,0.04,0.008,-,-
KIS,WY22,335552,1345436,SM,1996,8,20,13:05,CL,4105,29,10,U,2,27.2,8.3,6.5,33.53,0.4,-,-,-,-,-,-,-,-,-,-,B,50,24.8,8.2,6.1,33.93,0.5,-,-,-,-,-,-,-,-,-,-
KIS,WY23,335552,1344922,SM,1996,8,20,13:30,CL,3302,29,4,U,2,27.3,8.3,6.7,32.6,0.9,1,1.3,-,-,-,-,-,-,-,-,B,50,26.8,8.2,6.7,33.97,0.2,4,1.5,-,-,-,-,-,-,-,-
KIS,WY24,335552,1344408,SM,1996,8,20,15:00,CL,3302,28,3,U,2,26.7,8.3,7.5,31.71,1,-,-,-,-,-,-,-,-,-,-,B,40,25.4,8.2,5.5,33.1,8.9,-,-,-,-,-,-,-,-,-,-
KIS,WY26,335132,1345950,SM,1996,8,20,12:05,CL,3804,29,6,U,2,26.15,8.3,6.3,33.06,0.8,-,-,-,-,-,-,-,-,-,-,B,50,21.8,8.3,6.4,34.45,0.3,-,-,-,-,-,-,-,-,-,-
KIS,WY27,335132,1345436,SM,1996,8,20,12:30,CL,3703,29,8,U,2,26.9,8.3,6.6,33.13,0.6,1,0.8,-,-,-,-,-,-,-,-,B,50,25.2,8.2,6.1,33.77,0.5,1,1.6,-,-,-,-,-,-,-,-
KIS,WY28,335132,1344922,SM,1996,8,20,14:00,CL,3302,30,3,U,2,27.2,8.3,7.1,32.43,0.9,-,-,-,-,-,-,-,-,-,-,B,50,26.2,8.2,6.5,33.86,0.5,-,-,-,-,-,-,-,-,-,-
KIS,WY35,340012,1343854,SM,1996,8,20,15:30,CL,3302,29,3,U,2,27.9,8.4,-,-,2.7,-,-,-,-,-,-,-,-,-,-,B,25,25.4,8.1,5.3,32.77,11.9,-,-,-,-,-,-,-,-,-,-
KIS,WY36,335132,1344408,SM,1996,8,20,14:30,CL,3302,29,2,U,2,26.5,8.2,7.2,31.5,1,2,1.4,-,-,-,-,-,-,-,-,B,32,25.8,8,6.1,33.2,4.9,4,1.4,-,-,-,-,-,-,-,-
OSK,KB01,343642,1351532,SM,1996,8,26,10:30,UC,3805,27,3,U,2,26.4,8.3,6.9,30.62,1.3,3,2.6,-,-,-,-,-,-,-,-,B,17,25.8,8.3,6.3,32.78,4,4,1,-,-,-,-,-,-,-,-
OSK,KB02,343222,1351532,SM,1996,8,26,10:00,UC,3805,28,3,U,2,26.4,8.3,7.5,31.16,1.2,-,-,-,-,-,-,-,-,-,-,B,17,25.8,8.3,5.6,32.79,13.8,-,-,-,-,-,-,-,-,-,-
OSK,KB03,342902,1351532,SM,1996,8,26,10:50,UC,3106,28,2,U,2,26.7,8.3,6.3,31.78,1.4,3,2.2,0.23,0.005,0.02,0.01,0.01,0.009,-,-,B,16,25.8,8.3,5.1,32.77,11.2,9,1.4,0.27,0.063,0.02,0.03,0.08,0.049,-,-
OSK,KB05,343642,1351018,SM,1996,8,27,8:20,RN,3805,22,3,U,2,26.1,8.4,6.1,32.15,1.2,-,-,-,-,-,-,-,-,-,-,B,10,25.9,-,5.3,32.71,2.3,-,-,-,-,-,-,-,-,-,-
OSK,KB06,343222,1351018,SM,1996,8,27,9:40,RN,3502,23,5,U,2,25.8,8.3,5.3,32.72,2,3,1.3,-,-,-,-,-,-,-,-,B,37,25.8,8.1,5.6,32.73,6.2,8,1.2,-,-,-,-,-,-,-,-
OSK,KB07,342902,1351018,SM,1996,8,27,10:00,RN,3505,23,3,U,2,26.4,8.4,6.5,31.84,1,-,-,-,-,-,-,-,-,-,-,B,28,25.8,8.2,5.8,32.79,11.1,-,-,-,-,-,-,-,-,-,-
OSK,KB08,342342,1351018,SM,1996,8,23,9:30,CL,3703,27,6,U,2,26.7,8.2,6.1,32.4,0.7,2,1.6,-,-,-,-,-,-,-,-,B,15,26,8.2,5.9,32.52,5.9,15,1.4,-,-,-,-,-,-,-,-
OSK,KB09,343642,1350504,SM,1996,8,27,8:45,RN,3805,22,4,U,2,25.9,8.3,6.4,31.62,1,2,1.8,-,-,-,-,-,-,-,-,B,23,25.7,8.3,5.4,32.85,2,5,1,-,-,-,-,-,-,-,-
OSK,KB10,343222,1350504,SM,1996,8,27,9:10,RN,3805,22,4,U,2,25.8,8.4,5.4,32.59,1.3,-,-,-,-,-,-,-,-,-,-,B,38,25.5,8.3,5.2,33,5.4,-,-,-,-,-,-,-,-,-,-
OSK,KB11,342802,1350504,SM,1996,8,27,10:25,RN,3703,23,6,U,2,25.9,8.3,5.4,32.62,1,4,1,-,-,-,-,-,-,-,-,B,37,25.3,8.2,5.2,33.16,5.1,4,0.7,-,-,-,-,-,-,-,-
OSK,KB12,342342,1350504,SM,1996,8,23,10:00,CL,3703,28,8,U,2,26.5,8.3,6.2,32.46,0.5,-,-,-,-,-,-,-,-,-,-,B,34,24.5,8.2,5.3,33.22,11.3,-,-,-,-,-,-,-,-,-,-
OSK,KB13,341922,1350504,SM,1996,8,23,9:00,CL,3703,27,4,U,2,26.7,8.3,5.6,32.81,1.6,3,1.6,-,-,-,-,-,-,-,-,B,50,25.1,8.3,6.2,33.23,3.5,2,0.8,-,-,-,-,-,-,-,-
OSK,KB14,342802,1345950,SM,1996,8,27,10:50,RN,3703,24,5,U,2,26.2,8.3,6,32.4,0.8,-,-,-,-,-,-,-,-,-,-,B,50,25.4,8.2,6.1,33.13,3.4,-,-,-,-,-,-,-,-,-,-
OSK,KB15,342342,1345950,SM,1996,8,23,10:25,CL,3703,28,7,U,2,26.7,8.3,6.5,32.75,0.6,3,1.4,0.14,0.015,<0.005,<0.005,<0.01,0.006,-,-,B,43,24.3,8.2,5.8,-,4.3,6,0.9,0.31,0.02,0.02,0.03,0.01,0.012,-,-
OSK,KB16,341922,1345950,SM,1996,8,23,10:50,CL,3505,30,6,U,2,25.9,8.3,6.1,-,0.9,-,-,-,-,-,-,-,-,-,-,B,50,24.4,8.3,5.9,-,4.6,-,-,-,-,-,-,-,-,-,-
OSK,KB54,344012,1352046,SM,1996,8,26,9:50,UC,3105,26,1.5,U,2,26.4,8.3,6,30.22,1.7,3,2.3,0.4,0.085,0.04,0.04,0.12,0.043,-,-,B,11,25.6,8.2,1.4,32.54,2.6,3,1.3,0.25,0.099,0.04,0.03,0.12,0.095,-,-
OSK,KB55,343642,1352046,SM,1996,8,26,10:10,UC,3105,27,2,U,2,26.4,8.2,5.7,30.91,1.6,-,-,-,-,-,-,-,-,-,-,B,14,25.9,8.2,4.4,32.66,10.8,-,-,-,-,-,-,-,-,-,-
OSK,KB56,343222,1352046,SM,1996,8,26,10:30,UC,3106,28,2,U,2,26.7,8.4,5.7,31.49,1.2,3,2.6,-,-,-,-,-,-,-,-,B,13,25.9,8.2,4.3,32.68,4.3,3,1,-,-,-,-,-,-,-,-
OSK,KB57,344012,1351532,SM,1996,8,26,8:20,UC,3105,26,1.5,U,2,26.7,8.3,7.2,30.77,2.1,-,-,-,-,-,-,-,-,-,-,B,12,26,8.2,5.3,32.43,3.3,-,-,-,-,-,-,-,-,-,-
OSK,KB58,342342,1345436,SM,1996,8,23,11:40,CL,3505,28,4,U,2,26.4,8.3,6.2,32.69,1.2,-,-,-,-,-,-,-,-,-,-,B,30,25.8,8.3,5.6,32.9,6.7,-,-,-,-,-,-,-,-,-,-
OSK,KB59,341922,1345556,SM,1996,8,23,11:10,CL,3505,28,5,U,2,26.3,8.3,5.9,32.64,1.4,4,1.4,-,-,-,-,-,-,-,-,B,37,25.5,8.2,5.4,32.93,3.7,4,0.9,-,-,-,-,-,-,-,-
HAR,KB17,343642,1345436,SM,1996,9,2,9:30,CL,3805,26,4,U,2,26.3,8.2,5.3,31.75,2.2,7,1.7,-,-,-,-,-,-,-,-,B,32,26.1,8.1,5.3,32.11,10.5,2,1.6,-,-,-,-,-,-,-,-
HAR,KB18,343642,1344922,SM,1996,9,2,10:00,CL,3805,27,3,U,2,26.3,8.3,5.4,32.13,2.2,-,-,-,-,-,-,-,-,-,-,B,25,26.3,8.2,5.5,32.26,5.1,-,-,-,-,-,-,-,-,-,-
HAR,KB19,343222,1344922,SM,1996,8,30,11:30,CL,3805,30,4,U,2,26.1,8.2,5.1,32.18,2,2,1.2,-,-,-,-,-,-,-,-,B,25,26,8.1,5.5,32.18,2.7,3,1.1,-,-,-,-,-,-,-,-
HAR,KB20,344452,1344408,SM,1996,8,30,8:30,CL,3302,28,2,U,2,26.4,8.2,5.3,31.34,1.2,1,1.7,-,-,-,-,-,-,-,-,B,11,26.1,8.2,4.7,32.12,13.3,9,1.3,-,-,-,-,-,-,-,-
HAR,KB21,344102,1344408,SM,1996,8,30,8:55,CL,3302,28,1.5,U,2,26.2,8.3,5.4,30.27,2.9,-,-,-,-,-,-,-,-,-,-,B,20,25.8,8.2,5.1,32.27,8.1,-,-,-,-,-,-,-,-,-,-
HAR,KB22,343642,1344408,SM,1996,8,30,10:10,CL,3702,29,5,U,2,26.1,8.3,5.4,31.9,1.7,3,1.8,-,-,-,-,-,-,-,-,B,25,26,8.1,6.4,32.3,3.8,3,1.4,-,-,-,-,-,-,-,-
HAR,KB23,343222,1344408,SM,1996,8,30,11:05,CL,3805,30,4,U,2,26.2,8.3,5.2,32.31,2,-,-,-,-,-,-,-,-,-,-,B,27,26,8.2,5.8,32.31,4.9,-,-,-,-,-,-,-,-,-,-
HAR,KB24,342802,1344408,SM,1996,9,3,10:10,CL,3505,27,6,U,2,26.2,8.3,5.4,32.17,1.1,2,1.6,-,-,-,-,-,-,-,-,B,24,26.2,8.2,7.3,32.35,3.9,3,1.5,-,-,-,-,-,-,-,-
HAR,KB25,342342,1344408,SM,1996,9,3,11:20,CL,3304,27,4,U,2,26.2,8.3,4.9,32.22,3,-,-,-,-,-,-,-,-,-,-,B,13,26.1,8.2,4.9,32.26,6,-,-,-,-,-,-,-,-,-,-
HAR,KB26,344452,1343854,SM,1996,8,30,8:10,CL,3302,27,1.5,U,2,26.4,8.2,5.4,28.05,3.7,-,-,-,-,-,-,-,-,-,-,B,12,26,8.2,4.7,32.08,10.5,-,-,-,-,-,-,-,-,-,-
HAR,KB27,344102,1343854,SM,1996,8,30,9:15,CL,3302,26,3,U,2,26,8.3,5.7,29.6,2,2,1.7,-,-,-,-,-,-,-,-,B,23,25.7,8.2,5.5,32.27,3.9,4,1.4,-,-,-,-,-,-,-,-
HAR,KB28,343642,1343854,SM,1996,8,30,9:40,CL,3703,28,5,U,2,26.3,8.3,5.7,32.27,0.3,-,-,-,-,-,-,-,-,-,-,B,32,25.7,8.2,5,32.39,7.7,-,-,-,-,-,-,-,-,-,-
HAR,KB29,343222,1343854,SM,1996,8,30,10:40,CL,3302,28,3,U,2,26.3,8.3,5.4,32.31,2.6,2,1.3,0.26,0.044,0.02,<0.005,0.06,0.034,-,-,B,25,26.2,8.2,5.5,32.33,10,8,1.3,0.37,0.041,0.02,<0.005,0.04,0.023,-,-
HAR,KB30,342802,1343854,SM,1996,9,3,10:30,CL,3703,25,6,U,2,-,-,-,-,0.4,-,-,-,-,-,-,-,-,-,-,B,26,-,-,-,-,4.2,-,-,-,-,-,-,-,-,-,-
HAR,KB31,342342,1343854,SM,1996,9,3,11:00,CL,3703,27,7,U,2,26.5,8.2,5.7,32.33,0.4,2,1.5,-,-,-,-,-,-,-,-,B,27,26.2,8.2,5.1,32.43,4.7,5,1.3,-,-,-,-,-,-,-,-
HAR,KB32,341922,1343854,SM,1996,9,3,11:50,CL,3304,28,4,U,2,26.3,8.2,5,32.31,1.8,-,-,-,-,-,-,-,-,-,-,B,30,26,8.2,5,32.45,4.1,-,-,-,-,-,-,-,-,-,-
HAR,KB33,344452,1343340,SM,1996,8,29,17:05,UC,3106,29,2,U,2,26.9,8.3,6,29.16,2.9,1,2.6,0.7,0.027,0.02,0.1,0.07,0.026,-,-,B,12,26,8.2,2.9,32.16,6.8,4,1.4,0.4,0.049,0.04,<0.005,0.09,0.043,-,-
HAR,KB34,344102,1343340,SM,1996,8,29,16:40,UC,3106,30,2,U,2,26.3,8.3,5.1,31.8,1.4,-,-,-,-,-,-,-,-,-,-,B,27,25.7,8.2,5,32.3,2.9,-,-,-,-,-,-,-,-,-,-
HAR,KB35,343642,1343340,SM,1996,8,29,16:15,UC,3703,29,7,U,2,26.4,8.3,6.2,32.3,0.4,<1,1.6,-,-,-,-,-,-,-,-,B,30,25.6,8.2,5.2,32.45,2.1,2,1,-,-,-,-,-,-,-,-
HAR,KB36,343222,1343340,SM,1996,8,29,10:40,UC,3703,29,4,U,2,26.2,8.3,5.8,32.28,0.5,-,-,-,-,-,-,-,-,-,-,B,38,25.9,8.2,5.7,32.39,4.1,-,-,-,-,-,-,-,-,-,-
HAR,KB37,342802,1343340,SM,1996,8,28,10:35,UC,4105,28,9,U,2,26.3,8.3,5.7,32.4,0.5,1,1.4,-,-,-,-,-,-,-,-,B,38,25.9,8.2,6.4,32.42,3,2,1.7,-,-,-,-,-,-,-,-
HAR,KB38,342342,1343340,SM,1996,8,28,11:05,UC,3703,28,5,U,2,26.3,8.3,5.7,32.37,1,-,-,-,-,-,-,-,-,-,-,B,38,25.8,8.3,5.3,32.59,4.1,-,-,-,-,-,-,-,-,-,-
HAR,KB39,341922,1343340,SM,1996,8,28,11:30,UC,3504,28,5,U,2,26.4,8.3,5.6,32.41,1,1,1.5,-,-,-,-,-,-,-,-,B,31,25.7,8.2,5,32.57,3.5,3,1.3,-,-,-,-,-,-,-,-
HAR,KB40,341502,1343340,SM,1996,8,28,12:00,UC,3703,30,6,U,2,26.6,8.3,6,32.34,0.5,-,-,-,-,-,-,-,-,-,-,B,33,25,8.2,4.1,32.42,3.3,-,-,-,-,-,-,-,-,-,-
HAR,KB41,344422,1342826,SM,1996,8,29,8:10,UC,3302,25,1.5,U,2,26.9,8.3,4.8,31.26,2.8,-,-,-,-,-,-,-,-,-,-,B,9,26.6,8.2,5.2,31.79,11.1,-,-,-,-,-,-,-,-,-,-
HAR,KB42,344102,1342826,SM,1996,8,29,8:30,UC,3515,27,3,U,2,26.4,8.3,5.3,31.88,1.1,1,1.7,-,-,-,-,-,-,-,-,B,27,25.9,8.2,4.7,32.22,5.4,5,1.3,-,-,-,-,-,-,-,-
HAR,KB43,343712,1342826,SM,1996,8,29,9:50,UC,3703,27,7,U,2,25.9,8.3,5.2,32.28,0.6,-,-,-,-,-,-,-,-,-,-,B,34,25.8,8.2,5.5,32.45,4.1,-,-,-,-,-,-,-,-,-,-
HAR,KB44,343222,1342826,SM,1996,8,29,10:15,UC,4105,28,8.5,U,2,26.2,8.3,5.7,32.29,0.4,1,1.4,-,-,-,-,-,-,-,-,B,38,24.3,8.2,4.4,32.35,2.3,3,1,-,-,-,-,-,-,-,-
HAR,KB45,342802,1342826,SM,1996,8,28,16:10,UC,3703,27,8,U,2,26.2,8.4,5.9,32.26,0.4,-,-,-,-,-,-,-,-,-,-,B,38,23.1,8.2,1.8,32.37,5.5,-,-,-,-,-,-,-,-,-,-
HAR,KB46,342342,1342826,SM,1996,8,28,15:40,UC,3703,26,5,U,2,26.2,8.4,5.9,32.29,0.5,2,1.5,-,-,-,-,-,-,-,-,B,35,23.9,8.2,4.8,32.37,3.6,2,1.1,-,-,-,-,-,-,-,-
HAR,KB47,341922,1342826,SM,1996,8,28,15:15,RN,3703,27,5,U,2,26.1,8.4,5.9,32.37,0.8,-,-,-,-,-,-,-,-,-,-,B,31,24.2,8.2,4.1,32.33,4.4,-,-,-,-,-,-,-,-,-,-
HAR,KB48,341502,1342826,SM,1996,8,28,14:50,RN,3703,26,5,U,2,26.7,8.4,6,32.34,0.6,1,1.5,0.38,0.034,<0.005,<0.005,0.03,0.015,-,-,B,31,25.2,8.2,3.6,32.34,4.5,3,1.4,0.31,0.035,0.03,0.05,0.02,0.029,-,-
HAR,KB49,344102,1342312,SM,1996,8,28,9:00,UC,3505,27,3,U,2,-,-,-,-,1.3,-,-,-,-,-,-,-,-,-,-,B,12,-,-,-,-,5.8,-,-,-,-,-,-,-,-,-,-
HAR,KB50,343642,1342312,SM,1996,8,29,9:20,UC,3703,28,5,U,2,26.2,8.3,5.2,32.09,1.2,1,1.4,-,-,-,-,-,-,-,-,B,31,25.5,8.2,5.3,32.34,1.1,2,1,-,-,-,-,-,-,-,-
HAR,KB51,343222,1342312,SM,1996,8,29,11:25,UC,3805,29,3,U,2,26.5,8.3,5.6,32.17,1.2,-,-,-,-,-,-,-,-,-,-,B,28,25.6,8.2,5.2,32.36,5.1,-,-,-,-,-,-,-,-,-,-
HAR,KB52,342802,1342312,SM,1996,8,28,16:35,UC,3703,27,5,U,2,26.5,8.4,6,32.24,1.1,1,1.7,-,-,-,-,-,-,-,-,B,29,25.3,8.2,4.5,32.37,1.7,1,1,-,-,-,-,-,-,-,-
HAR,KB60,344102,1344922,SM,1996,9,2,10:20,CL,3304,28,3,U,2,26.3,8.3,5.1,31.7,4.2,4,1.6,-,-,-,-,-,-,-,-,B,13,26.3,8.2,5.1,31.78,5.5,6,1.5,-,-,-,-,-,-,-,-
BS1,SD01,342445,1332539,SM,1996,8,29,13:28,FI,3106,28.4,3,U,2,27.61,-,8.3,32.03,3.6,-,-,-,-,-,-,-,-,-,-,B,5,27.1,-,6,32.36,6.1,-,-,-,-,-,-,-,-,-,-
BS1,SD02,342552,1332951,SM,1996,8,29,11:13,FI,3106,27.9,2,U,2,27.51,-,6.2,32.16,7.4,10,2.2,-,-,-,-,-,-,-,-,B,13,27.19,-,6.4,32.23,10.9,12,2.1,-,-,-,-,-,-,-,-
BS1,SD04,342552,1333505,SM,1996,8,29,10:36,CL,3106,26.9,2,U,2,27.35,-,7.3,31.97,5.9,-,-,-,-,-,-,-,-,-,-,B,9,27.26,-,7.7,32.16,7.9,-,-,-,-,-,-,-,-,-,-
BS1,SD07,343012,1333955,SM,1996,8,29,9:54,CL,3105,28.9,1.5,U,2,27.62,-,6.8,31,15.7,-,-,-,-,-,-,-,-,-,-,B,4,27.57,-,6.4,31.28,18.4,-,-,-,-,-,-,-,-,-,-
BS1,SD08,342552,1334019,SM,1996,8,29,9:20,CL,3106,26.3,3.5,U,2,27.19,-,6.6,32.19,6.8,13,1.9,0.31,0.038,0.007,0.014,0.01,0.02,-,-,B,4,27.19,-,7.3,32.19,7.7,9,1.7,0.18,0.034,0.005,0.016,0.01,0.019,-,-
BS1,SD11,342552,1334532,SM,1996,8,29,8:51,CL,3106,26.4,2,U,2,27.07,-,5.3,32.24,10.6,-,-,-,-,-,-,-,-,-,-,B,9,27.06,-,5.2,32.24,13.9,-,-,-,-,-,-,-,-,-,-
BS2,SD18,343432,1340628,SM,1996,8,26,15:04,CL,3106,29,2.1,U,2,27.17,-,6.2,31.29,6.9,-,-,-,-,-,-,-,-,-,-,B,18,27.04,-,9.2,31.79,13.4,-,-,-,-,-,-,-,-,-,-
BS2,SD21,343852,1341142,SM,1996,8,26,13:58,CL,3105,29.2,3,U,2,27.51,-,7.1,31.9,5.6,-,-,-,-,-,-,-,-,-,-,B,4,27.16,-,7,31.9,9.1,-,-,-,-,-,-,-,-,-,-
BS2,SD22,343432,1341142,SM,1996,8,26,14:34,CL,3304,31.8,4.5,U,2,27.42,-,6.5,31.79,5.2,7,2.1,0.19,0.031,<0.005,<0.005,-,0.016,-,-,B,19,26.75,-,6.1,31.89,16.5,15,2,0.26,0.048,0.011,0.015,<0.01,0.029,-,-
BS2,SD23,342552,1341142,SM,1996,8,26,9:53,CL,3106,26.8,6.5,U,2,26.48,-,6.8,32.09,1.9,4,2,0.24,0.034,0.011,0.013,<0.01,0.015,-,-,B,16,26.03,-,10.4,32.12,4.6,8,1.9,0.24,0.05,0.016,0.013,0.05,0.02,-,-
BS2,SD24,343852,1341656,SM,1996,8,26,13:29,CL,3106,26.2,3.2,U,2,27.34,-,7.1,31.9,2.9,8,2.4,-,-,-,-,-,-,-,-,B,8,26.98,-,9.2,31.92,7.3,13,2.1,-,-,-,-,-,-,-,-
BS2,SD25,343432,1341656,SM,1996,8,26,11:26,CL,3505,26.4,9,U,2,26.86,-,6.4,32.02,0.8,-,-,-,-,-,-,-,-,-,-,B,26,25.76,-,5.1,32.09,11.6,-,-,-,-,-,-,-,-,-,-
BS1,SD48,341712,1331923,SM,1996,8,29,14:27,CL,3304,29,6.5,U,2,27.52,-,7.2,32.41,1.1,5,1.8,0.14,0.026,-,<0.005,-,0.006,-,-,B,15,26.53,-,7.4,32.61,3.1,8,1.6,0.08,0.023,<0.005,<0.005,-,0.011,-,-
HIU,SD54,341312,1332437,SM,1996,8,27,10:51,CL,3505,26.2,11,U,2,26.62,-,7.6,32.47,0.5,6,2.1,-,-,-,-,-,-,-,-,B,17,26.16,-,8.1,32.51,0.5,7,1.9,-,-,-,-,-,-,-,-
HIU,SD55,340852,1332437,SM,1996,8,27,11:31,CL,3505,26.3,11,U,2,26.82,-,7.7,32.37,0.4,-,-,-,-,-,-,-,-,-,-,B,14,25.82,-,5.6,32.55,2.5,-,-,-,-,-,-,-,-,-,-
HIU,SD58,341312,1332951,SM,1996,8,27,10:20,CL,3505,26.3,6,U,2,26.7,-,7.8,32.42,-,-,-,-,-,-,-,-,-,-,-,B,19,25.32,-,5.4,32.59,-,-,-,-,-,-,-,-,-,-,-
HIU,SD59,340852,1332951,SM,1996,8,27,13:25,CL,3505,28.6,9.5,U,2,27.38,-,8.2,32.21,0.4,5,1.8,-,-,-,-,-,-,-,-,B,16,25.02,-,3,32.61,2.4,9,1.5,-,-,-,-,-,-,-,-
HIU,SD62,341312,1333505,SM,1996,8,27,15:08,CL,3505,27,10.5,U,2,27.22,-,7.7,32.2,0.4,6,1.9,-,-,-,-,-,-,-,-,B,14,25.65,-,8.8,32.57,0.3,7,1.5,-,-,-,-,-,-,-,-
HIU,SD63,340852,1333505,SM,1996,8,27,14:37,CL,3505,27.7,0.8,U,2,27.26,-,9.7,32.43,1.4,-,-,-,-,-,-,-,-,-,-,B,20,24.42,-,8.5,32.56,2.9,-,-,-,-,-,-,-,-,-,-
HIU,SD64,340432,1333505,SM,1996,8,27,14:06,CL,3505,29,5.4,U,2,27.74,-,8.7,31.89,0.8,10,2.6,-,-,-,-,-,-,-,-,B,18,24.59,-,5.8,32.53,2.6,7,1.6,-,-,-,-,-,-,-,-
HIU,MY40,340432,1330341,SM,1996,8,28,8:47,UO,3505,26.5,4.5,U,2,25,7.9,5.4,32.91,3.6,4,1.4,0.39,0.019,<0.005,0.02,0.04,<0.003,-,-,B,30,25,7.8,7.7,32.9,4.1,4,1.5,0.4,0.02,<0.005,0.022,0.04,<0.003,-,-
HIU,MY41,340852,1330855,SM,1996,8,28,12:12,UO,3505,27.5,4.5,U,2,26.5,8,5.9,32.87,1.5,3,1.6,-,-,-,-,-,-,-,-,B,18,26.2,7.8,9,32.85,8.5,5,1.5,-,-,-,-,-,-,-,-
HIU,MY42,340432,1330855,SM,1996,8,28,9:23,OL,3505,27,4.5,U,2,26,7.9,5.6,32.79,2,-,-,-,-,-,-,-,-,-,-,B,34,25.3,7.8,5.9,32.85,-,-,-,-,-,-,-,-,-,-,-
HIU,MY43,340012,1330855,SM,1996,8,27,9:24,UO,3505,27,5,U,2,26.7,7.9,6.5,32.61,1.3,3,1,-,-,-,-,-,-,-,-,B,11,25.9,-,8.1,32.77,5,4,1.2,-,-,-,-,-,-,-,-
HIU,MY45,340852,1331409,SM,1996,8,28,11:42,UO,3805,28,7.5,U,2,26.9,7.9,6,32.79,0.6,-,-,-,-,-,-,-,-,-,-,B,20,26.2,7.8,7.2,32.86,3.4,-,-,-,-,-,-,-,-,-,-
HIU,MY46,340432,1331409,SM,1996,8,28,9:56,OL,3805,27.5,9,U,2,26.9,8,6.4,32.83,0.3,3,0.8,-,-,-,-,-,-,-,-,B,28,25.6,7.8,4.5,32.85,8.3,4,1,-,-,-,-,-,-,-,-
HIU,MY47,340012,1331409,SM,1996,8,27,10:00,UO,3805,26.5,11,U,2,27,8,7,32.66,0.5,-,-,-,-,-,-,-,-,-,-,B,14,26.1,7.8,6.1,32.81,3.5,-,-,-,-,-,-,-,-,-,-
HIU,MY50,340852,1331923,SM,1996,8,28,11:05,UO,3805,28,4.5,U,2,26.7,7.9,6,32.78,1.2,2,1.2,0.41,0.022,<0.005,0.029,0.05,<0.003,-,-,B,16,26.2,7.7,5.9,32.8,5.4,4,1.8,0.41,0.026,<0.005,0.036,0.05,0.007,-,-
HIU,MY51,340432,1331923,SM,1996,8,28,10:33,OL,4105,28,10,U,2,27.1,7.9,6,32.82,0.3,-,-,-,-,-,-,-,-,-,-,B,19,25.7,7.7,5,32.87,5.4,-,-,-,-,-,-,-,-,-,-
HIU,MY52,340022,1331923,SM,1996,8,27,10:31,UO,3505,26.5,4.5,U,2,26.7,8,7,32.65,1.2,3,1.2,-,-,-,-,-,-,-,-,B,14,26.3,7.8,7.5,32.69,1.7,2,1.2,-,-,-,-,-,-,-,-
HIU,MY56,340432,1332437,SM,1996,8,27,12:53,UO,2111,28,3.5,U,2,27.1,8.2,7.7,32.57,3,3,1.3,0.35,0.094,0.006,0.031,0.02,<0.003,-,-,B,15,25.9,7.7,7.2,32.79,2.5,3,1.4,0.34,0.071,<0.005,0.033,0.02,<0.003,-,-
HIU,MY57,340012,1332437,SM,1996,8,27,11:10,UO,3805,27,9.5,U,2,26.9,7.9,6.3,32.75,0.4,-,-,-,-,-,-,-,-,-,-,B,13,25.7,7.7,4.7,32.76,1.6,-,-,-,-,-,-,-,-,-,-
HIU,MY60,340432,1332951,SM,1996,8,27,12:20,UO,2111,27,3.5,U,2,26.9,8,7.3,32.72,0.6,-,-,-,-,-,-,-,-,-,-,B,17,25.1,-,5.8,32.81,2.2,-,-,-,-,-,-,-,-,-,-
HIU,MY61,340012,1332951,SM,1996,8,27,11:44,UO,3805,27,10.5,U,2,27.4,8,6.7,32.71,0.5,3,2.1,-,-,-,-,-,-,-,-,B,13,25.5,7.7,4.8,32.81,0.5,3,1.8,-,-,-,-,-,-,-,-
AKI,HS12,341312,1323639,SM,1996,9,5,9:02,CL,3505,29,2.6,U,2,25.2,-,5.5,32.74,3.5,3,2.7,-,-,-,-,-,-,-,-,B,25,25,-,5.6,32.87,3.2,5,2.5,-,-,-,-,-,-,-,-
AKI,HS13,340852,1323341,SM,1996,9,5,15:30,CL,3702,29,6.7,U,2,25.8,7.9,7.2,32.77,1,2,1.9,0.19,0.014,<0.005,0.006,0.03,0.005,-,-,B,16.2,25.2,7.8,7.1,32.87,7.1,3,1.9,0.33,0.015,<0.005,0.009,0.02,0.004,-,-
AKI,HS21,341312,1324923,SM,1996,9,5,13:45,CL,3502,29,6.3,U,2,25.5,-,6.8,32.79,1.2,2,1.9,0.15,0.014,0.006,0.009,0.01,0.005,-,-,B,21.2,25,7.8,6.1,32.92,3.1,4,1.9,0.54,0.016,0.01,0.018,0.04,-,-,-
AKI,HS22,341832,1325437,SM,1996,9,5,11:05,CL,3802,28,5.3,U,2,25.9,-,5.8,32.83,2.3,2,1.9,0.16,0.015,0.015,0.014,0.01,0.007,-,-,B,33,25.8,7.8,5.8,32.85,3.5,4,1.9,0.44,0.018,0.017,0.022,0.06,-,-,-
AKI,HS33,340012,1324409,SM,1996,8,26,11:11,UO,3805,25,8.5,U,2,23.6,8,5.7,33.06,0.6,3,1.6,0.33,0.015,<0.005,0.012,0.01,<0.003,-,-,B,40,23.4,7.8,5.5,33.08,2.2,4,1.8,0.38,0.015,0.009,0.046,0.04,0.005,-,-
HRS,HS01,341312,1321759,SM,1996,9,3,10:55,CL,3706,26,5.7,U,2,24.2,-,6.6,32.05,0.9,2,2.4,-,-,-,-,-,-,-,-,B,21.1,23.3,-,5.5,32.74,5,2,2.4,-,-,-,-,-,-,-,-
HRS,HS02,340852,1321759,SM,1996,9,3,10:20,CL,3702,26,8.2,U,2,24.7,-,6.8,32.59,0.7,-,-,-,-,-,-,-,-,-,-,B,28.5,23.2,-,3.8,32.82,3.1,-,-,-,-,-,-,-,-,-,-
HRS,HS03,340432,1321759,SM,1996,9,4,10:15,CL,3702,26,8.2,U,2,24.6,8,7.4,32.86,0.7,3,2,-,-,-,-,-,-,-,-,B,24.1,23.5,-,5.2,32.87,1.4,2,2,-,-,-,-,-,-,-,-
HRS,HS04,341732,1322313,SM,1996,9,3,13:41,CL,3706,29.5,3.7,U,2,24.8,-,6.7,31.47,1.1,3,2.6,-,-,-,-,-,-,-,-,B,25,23.7,-,6.5,32.64,2.3,3,2.3,-,-,-,-,-,-,-,-
HRS,HS05,341312,1322313,SM,1996,9,3,11:30,CL,3702,29.5,6.7,U,2,24.6,-,6.7,32.79,0.7,-,-,-,-,-,-,-,-,-,-,B,33.7,23.8,-,5.1,32.84,4.6,-,-,-,-,-,-,-,-,-,-
HRS,HS06,340852,1322313,SM,1996,9,3,9:30,CL,3302,25,6.4,U,2,24.4,8,7,32.77,1.2,3,1.9,-,-,-,-,-,-,-,-,B,48.1,23.7,-,4.5,32.88,5.9,2,1.9,-,-,-,-,-,-,-,-
HRS,HS07,340432,1322313,SM,1996,9,4,9:35,CL,3702,25.5,6.6,U,2,24.2,7.9,5.8,32.9,1.1,-,-,-,-,-,-,-,-,-,-,B,19.9,24.1,-,6.2,32.9,1.6,-,-,-,-,-,-,-,-,-,-
HRS,HS08,341732,1322827,SM,1996,9,3,14:22,CL,3304,30.5,3.8,U,2,24.7,-,5.6,31.89,0.8,-,-,-,-,-,-,-,-,-,-,B,17.1,23.4,-,4,32.43,2.4,-,-,-,-,-,-,-,-,-,-
HRS,HS09,341312,1322959,SM,1996,9,3,15:03,CL,3304,29,6.3,U,2,25.4,-,6.5,31.94,0.6,1,2.3,0.26,0.022,<0.005,0.015,0.03,0.013,-,-,B,20.1,22.6,-,3.1,32.32,2.9,1,2.2,0.38,0.034,0.005,0.047,0.02,0.016,-,-
HRS,HS10,340432,1322827,SM,1996,9,4,15:03,CL,3502,28.5,6.4,U,2,24.8,8,7.5,32.89,1,2,2.2,0.18,0.013,<0.005,0.011,<0.01,0.004,-,-,B,26.1,24.1,7.9,6.9,32.91,2.2,3,2.2,0.38,0.014,<0.005,0.012,0.01,0.004,-,-
HRS,HS11,340012,1322827,SM,1996,9,4,14:20,CL,3302,30,5.7,U,2,24.1,8,6,32.86,2.3,-,-,-,-,-,-,-,-,-,-,B,42,23.9,7.9,5.8,32.9,3.9,-,-,-,-,-,-,-,-,-,-
HRS,HS24,340432,1321245,SM,1996,9,4,10:57,CL,3702,27,5.6,U,2,25.6,7.9,7.3,31.54,1.1,-,-,-,-,-,-,-,-,-,-,B,10.9,24.7,-,7,32.34,3.8,-,-,-,-,-,-,-,-,-,-
HRS,HS25,340012,1321759,SM,1996,9,4,11:40,CL,3702,28,8.3,U,2,25,8,6.8,32.4,0.7,-,-,-,-,-,-,-,-,-,-,B,23.8,24.1,-,5.5,32.68,1.6,-,-,-,-,-,-,-,-,-,-
HRS,HS26,340012,1322313,SM,1996,9,4,13:40,CL,4105,28,9.6,U,2,25,8,7.1,32.49,0.6,1,2.1,0.19,0.011,<0.005,0.006,<0.01,-,-,-,B,29,24,7.9,6,32.88,1.9,2,2.1,0.29,0.015,<0.005,0.013,<0.01,-,-,-
IY1,MY12,333832,1321245,SM,1996,8,22,12:01,OL,4105,27,11.5,U,2,25.2,8,6.4,33.06,0.2,3,1.4,0.33,0.02,<0.005,0.019,0.01,<0.003,-,-,B,50,20.5,7.9,4.9,33.38,2.1,4,1.9,0.34,0.025,0.006,0.02,0.04,0.005,-,-
IY2,MY24,334712,1323855,SM,1996,8,22,14:33,OL,3304,27,6,U,2,24.3,8,6.6,32.83,1.3,4,1,0.3,0.009,<0.005,0.016,0.01,<0.003,-,-,B,14,23,-,7.1,33.08,2,4,1.7,0.4,0.016,<0.005,0.019,0.01,0.004,-,-
IY2,MY26,335132,1323341,SM,1996,8,22,9:27,OL,3505,25.5,7.5,U,2,23,8,5.3,33.1,1.2,3,1.7,0.38,0.021,0.008,0.02,0.03,<0.003,-,-,B,50,22.3,7.9,5.7,33.15,1.7,3,1.5,0.38,0.008,0.008,0.019,0.02,0.005,-,-
KIS,WY01,341312,1350504,FL,1996,10,17,15:25,CL,3802,21,3,U,2,23.3,8.4,6.3,33.11,2.5,-,-,-,-,-,-,-,-,-,-,B,25,23.4,8.2,6.3,33.34,2.6,-,-,-,-,-,-,-,-,-,-
KIS,WY02,341312,1345950,FL,1996,10,17,12:00,CL,3802,18,4,U,2,23.4,8.4,5.9,33.23,3.5,-,-,-,-,-,-,-,-,-,-,B,50,23.4,8.3,6.2,33.39,2.6,-,-,-,-,-,-,-,-,-,-
KIS,WY03,341312,1345436,FL,1996,10,17,11:35,CL,3802,19,4,U,2,23.8,8.4,5.9,33.72,2.2,-,-,-,-,-,-,-,-,-,-,B,50,23.8,8.2,6.3,33.73,2.1,-,-,-,-,-,-,-,-,-,-
KIS,WY05,340852,1350504,FL,1996,10,17,99999,CL,3802,19,4,U,2,23.6,8.4,5.8,33.45,2.9,-,-,-,-,-,-,-,-,-,-,B,42,23.7,8.2,9.6,33.57,2.9,-,-,-,-,-,-,-,-,-,-
KIS,WY06,340852,1345950,FL,1996,10,17,12:25,CL,3802,19,6,U,2,23.5,8.4,6,33.44,4.6,-,-,-,-,-,-,-,-,-,-,B,50,24.1,8.2,6,33.78,1.4,-,-,-,-,-,-,-,-,-,-
KIS,WY07,340852,1345436,FL,1996,10,17,11:00,CL,3802,20,4,U,2,23.7,8.4,5.9,33.64,2.5,-,-,-,-,-,-,-,-,-,-,B,50,23.7,8.2,6.3,33.68,2.6,-,-,-,-,-,-,-,-,-,-
KIS,WY08,340852,1344922,FL,1996,10,17,10:30,CL,3802,20,6,U,2,23.1,8.4,5.8,33.07,1,-,-,-,-,-,-,-,-,-,-,B,50,22.7,8.2,5.9,33.64,1.5,-,-,-,-,-,-,-,-,-,-
KIS,WY09,340852,1344408,FL,1996,10,17,10:05,CL,3802,18,5,U,2,23.2,8.4,5.8,33,2.7,-,-,-,-,-,-,-,-,-,-,B,20,23.8,8.2,5.9,33.62,8.5,-,-,-,-,-,-,-,-,-,-
KIS,WY10,340852,1343854,FL,1996,10,17,9:35,CL,3802,20,3,U,2,22.8,8.4,5.8,32.75,4.7,-,-,-,-,-,-,-,-,-,-,B,11,22.8,8.3,5.9,32.76,5.6,-,-,-,-,-,-,-,-,-,-
KIS,WY11,340432,1345950,FL,1996,10,16,14:05,CL,3802,21,5,U,2,24.1,8.4,5.8,33.84,1,-,-,-,-,-,-,-,-,-,-,B,50,24.1,8.2,6.3,33.84,1,-,-,-,-,-,-,-,-,-,-
KIS,WY12,340432,1345436,FL,1996,10,16,14:35,CL,3802,21,5,U,2,24.3,8.4,5.8,33.9,0.7,-,-,-,-,-,-,-,-,-,-,B,50,24.3,8.2,6.2,33.92,0.7,-,-,-,-,-,-,-,-,-,-
KIS,WY13,340432,1344922,FL,1996,10,16,15:00,CL,4105,21,7,U,2,23.6,8.4,6,33.46,1.1,-,-,-,-,-,-,-,-,-,-,B,50,24.1,8.3,6.4,33.8,2.9,-,-,-,-,-,-,-,-,-,-
KIS,WY14,340432,1344408,FL,1996,10,16,15:30,CL,3802,20,4,U,2,23.2,8.4,5.9,32.88,2.3,-,-,-,-,-,-,-,-,-,-,B,30,23.7,8.3,5.4,33.35,6.8,-,-,-,-,-,-,-,-,-,-
KIS,WY15,340432,1343854,FL,1996,10,16,15:55,CL,3802,20,3,U,2,22.3,8.3,5.9,32.53,3.3,-,-,-,-,-,-,-,-,-,-,B,10,22.9,8.2,5.8,32.7,3.5,-,-,-,-,-,-,-,-,-,-
KIS,WY16,340012,1350504,FL,1996,10,16,11:00,CL,4105,18,7,U,2,24,8.4,6,33.83,0.9,-,-,-,-,-,-,-,-,-,-,B,40,24,8.3,6.3,33.84,1,-,-,-,-,-,-,-,-,-,-
KIS,WY17,340012,1345950,FL,1996,10,16,10:35,CL,4105,18,8,U,2,-,-,-,-,1,-,-,-,-,-,-,-,-,-,-,B,50,-,-,-,-,1.4,-,-,-,-,-,-,-,-,-,-
KIS,WY18,340012,1345436,FL,1996,10,16,10:05,CL,4105,18,9,U,2,23.7,8.4,5.8,33.7,0.7,-,-,-,-,-,-,-,-,-,-,B,50,23.7,8.3,6.3,33.7,0.7,-,-,-,-,-,-,-,-,-,-
KIS,WY19,340012,1344922,FL,1996,10,16,9:40,CL,3802,18,4,U,2,24.1,8.4,5.8,33.84,4.3,-,-,-,-,-,-,-,-,-,-,B,50,24.1,8.3,6.4,33.84,3.7,-,-,-,-,-,-,-,-,-,-
KIS,WY20,340012,1344408,FL,1996,10,16,9:15,CL,3802,17,5,U,2,23.4,8.3,6,33.2,1.5,-,-,-,-,-,-,-,-,-,-,B,35,23.7,8.2,6.4,33.47,1.5,-,-,-,-,-,-,-,-,-,-
KIS,WY21,335552,1345950,FL,1996,10,15,11:30,CL,4102,23,11,U,2,24.5,8.4,5.9,33.89,-,-,-,-,-,-,-,-,-,-,-,B,50,24.4,8.3,6.2,33.88,0.7,-,-,-,-,-,-,-,-,-,-
KIS,WY22,335552,1345436,FL,1996,10,15,13:00,CL,4102,21,11,U,2,24.2,8.4,5.8,33.72,1.4,-,-,-,-,-,-,-,-,-,-,B,50,24.7,8.3,6.2,34.01,0.4,-,-,-,-,-,-,-,-,-,-
KIS,WY23,335552,1344922,FL,1996,10,15,13:25,CL,3703,21,7,U,2,23.3,8.4,6.2,32.8,0.9,-,-,-,-,-,-,-,-,-,-,B,50,23.9,8.3,6.1,33.64,1.5,-,-,-,-,-,-,-,-,-,-
KIS,WY24,335552,1344408,FL,1996,10,15,14:50,CL,3702,21,5,U,2,23.5,8.4,5.9,33.04,2.1,-,-,-,-,-,-,-,-,-,-,B,39,23.9,8.3,5.7,33.66,-,-,-,-,-,-,-,-,-,-,-
KIS,WY26,335132,1345950,FL,1996,10,15,12:00,CL,4102,20,13,U,2,25.1,8.4,5.9,34.18,0.7,-,-,-,-,-,-,-,-,-,-,B,50,25.1,8.3,6.3,34.16,0.4,-,-,-,-,-,-,-,-,-,-
KIS,WY27,335132,1345436,FL,1996,10,15,12:25,CL,4102,22,15,U,2,25.1,8.4,5.9,34.17,-,-,-,-,-,-,-,-,-,-,-,B,50,25.1,8.3,6.2,34.16,0.2,-,-,-,-,-,-,-,-,-,-
KIS,WY28,335132,1344922,FL,1996,10,15,13:50,CL,4105,21,9,U,2,23.9,8.4,5.9,33.45,1.2,-,-,-,-,-,-,-,-,-,-,B,50,24.1,8.3,6.1,33.62,1.5,-,-,-,-,-,-,-,-,-,-
KIS,WY35,340012,1343854,FL,1996,10,15,15:20,CL,3702,21,4,U,2,22.9,8.3,6.3,32.23,1.8,-,-,-,-,-,-,-,-,-,-,B,22,23.3,8.2,6.3,32.87,3.5,-,-,-,-,-,-,-,-,-,-
KIS,WY36,335132,1344408,FL,1996,10,15,14:20,CL,4105,21,9,U,2,23,8.4,6.3,32.46,1.4,-,-,-,-,-,-,-,-,-,-,B,30,23.1,8.3,6.3,32.93,0.7,-,-,-,-,-,-,-,-,-,-
OSK,KB01,343642,1351532,FL,1996,10,14,9:30,UC,3805,19,2.5,U,2,22.3,8.4,6.7,30.49,3.3,-,-,-,-,-,-,-,-,-,-,B,15,23.1,8.2,5.8,32.49,3.8,-,-,-,-,-,-,-,-,-,-
OSK,KB02,343222,1351532,FL,1996,10,14,9:55,UC,3805,19,3,U,2,22.3,8.3,6.6,31.54,1.6,-,-,-,-,-,-,-,-,-,-,B,15,23.1,8.2,6.1,32.49,6.5,-,-,-,-,-,-,-,-,-,-
OSK,KB03,342902,1351532,FL,1996,10,14,10:55,UC,3805,19,3,U,2,22.9,8.4,6.3,32.21,2.4,-,-,-,-,-,-,-,-,-,-,B,12,23.1,8.2,5.6,32.55,4.4,-,-,-,-,-,-,-,-,-,-
OSK,KB05,343642,1351018,FL,1996,10,21,9:00,CL,3502,15,3,U,2,22.3,8.3,6,32.53,2.9,-,-,-,-,-,-,-,-,-,-,B,15,22.3,8.2,6.1,32.53,4.2,-,-,-,-,-,-,-,-,-,-
OSK,KB06,343222,1351018,FL,1996,10,21,10:20,CL,3106,17,2,U,2,21.7,8.3,6.9,31.23,2.1,-,-,-,-,-,-,-,-,-,-,B,39,22.4,8.2,6.3,32.51,2,-,-,-,-,-,-,-,-,-,-
OSK,KB07,342902,1351018,FL,1996,10,21,10:50,CL,3106,16,2,U,2,21.4,8.3,8.5,31.3,2.6,-,-,-,-,-,-,-,-,-,-,B,25,22.6,8.2,6.2,32.56,5.1,-,-,-,-,-,-,-,-,-,-
OSK,KB08,342342,1351018,FL,1996,10,18,9:07,UC,3105,19,2,U,2,22.3,8.3,6.7,32.3,4.7,-,-,-,-,-,-,-,-,-,-,B,13,22.3,8.2,7,32.33,6.1,-,-,-,-,-,-,-,-,-,-
OSK,KB09,343642,1350504,FL,1996,10,21,9:30,CL,3502,17,3,U,2,22.4,8.3,6,32.5,2.9,-,-,-,-,-,-,-,-,-,-,B,20,22.4,8.2,6.2,32.54,3.1,-,-,-,-,-,-,-,-,-,-
OSK,KB10,343222,1350504,FL,1996,10,21,9:52,CL,3502,16,5,U,2,22.5,8.3,6,32.55,2.1,-,-,-,-,-,-,-,-,-,-,B,40,22.6,8.2,6.4,32.66,2.5,-,-,-,-,-,-,-,-,-,-
OSK,KB11,342802,1350504,FL,1996,10,21,11:15,CL,3106,17,1.5,U,2,21.4,8.4,9.1,31.52,2.5,-,-,-,-,-,-,-,-,-,-,B,41,22.8,8.2,6.1,32.73,2.4,-,-,-,-,-,-,-,-,-,-
OSK,KB12,342342,1350504,FL,1996,10,18,9:32,UC,3105,19,3,U,2,22.7,8.3,5.9,32.48,4,-,-,-,-,-,-,-,-,-,-,B,35,23.3,8.2,5.8,33.08,9.2,-,-,-,-,-,-,-,-,-,-
OSK,KB13,341922,1350504,FL,1996,10,18,8:40,UC,3802,16,3,U,2,23,8.3,5.9,33.04,3.2,-,-,-,-,-,-,-,-,-,-,B,50,23.2,8.2,6.1,33.14,4.3,-,-,-,-,-,-,-,-,-,-
OSK,KB14,342802,1345950,FL,1996,10,21,11:45,CL,3106,17,2.5,U,2,21.6,8.3,8,32,2.1,-,-,-,-,-,-,-,-,-,-,B,48,22.3,8.2,7.8,32.65,2.8,-,-,-,-,-,-,-,-,-,-
OSK,KB15,342342,1345950,FL,1996,10,18,10:00,UC,3302,19,3,U,2,22.7,8.3,6.3,32.51,3.6,-,-,-,-,-,-,-,-,-,-,B,45,23,8.2,6.3,32.96,2.8,-,-,-,-,-,-,-,-,-,-
OSK,KB16,341922,1345950,FL,1996,10,18,10:35,UC,3302,19,3,U,2,23.2,8.3,5.8,33.12,4.7,-,-,-,-,-,-,-,-,-,-,B,50,23.3,8.2,6.2,33.2,7,-,-,-,-,-,-,-,-,-,-
OSK,KB54,344012,1352046,FL,1996,10,14,8:40,UC,3106,19,3,U,2,22.7,8.3,5.3,31.35,2.9,-,-,-,-,-,-,-,-,-,-,B,10,23.4,8.2,4.4,32.57,5.1,-,-,-,-,-,-,-,-,-,-
OSK,KB55,343642,1352046,FL,1996,10,14,9:05,RN,3106,19,3,U,2,22.7,8.3,5.6,31.22,2.8,-,-,-,-,-,-,-,-,-,-,B,12,23.2,8.2,5.4,32.55,4.7,-,-,-,-,-,-,-,-,-,-
OSK,KB56,343222,1352046,FL,1996,10,14,10:20,UC,3805,19,2.5,U,2,22.8,8.3,5.6,32.15,3.5,-,-,-,-,-,-,-,-,-,-,B,12,23.2,8.1,5.2,32.6,3.7,-,-,-,-,-,-,-,-,-,-
OSK,KB57,344012,1351532,FL,1996,10,14,8:10,RN,3106,19,3,U,2,21.8,8.3,6.7,30.71,2.4,-,-,-,-,-,-,-,-,-,-,B,10,22.1,8.1,7.3,30.92,2.9,-,-,-,-,-,-,-,-,-,-
OSK,KB58,342342,1345436,FL,1996,10,18,99999,UC,3302,19,3,U,2,22.7,8.3,5.9,32.78,4.3,-,-,-,-,-,-,-,-,-,-,B,25,23,8.2,6.1,33.07,3.5,-,-,-,-,-,-,-,-,-,-
OSK,KB59,341922,1345556,FL,1996,10,18,10:55,UC,3302,19,3,U,2,23,8.3,5.9,33.05,5.5,-,-,-,-,-,-,-,-,-,-,B,38,23.1,8.2,6.2,33.11,6,-,-,-,-,-,-,-,-,-,-
HAR,KB17,343642,1345436,FL,1996,10,22,10:15,UC,3302,20,4,U,2,22.1,8.3,6,32.36,3.3,-,-,-,-,-,-,-,-,-,-,B,35,22.1,8.2,6.4,32.36,2.8,-,-,-,-,-,-,-,-,-,-
HAR,KB18,343642,1344922,FL,1996,10,22,10:40,UC,3703,20,5,U,2,21.8,8.3,6.5,31.97,1.8,-,-,-,-,-,-,-,-,-,-,B,24,21.8,8.2,7.7,31.98,2.9,-,-,-,-,-,-,-,-,-,-
HAR,KB19,343222,1344922,FL,1996,10,25,11:05,CL,3703,21,4,U,2,21.9,8.3,6.4,32.19,1.3,-,-,-,-,-,-,-,-,-,-,B,22,21.8,8.2,6.7,32.18,1.9,-,-,-,-,-,-,-,-,-,-
HAR,KB20,344452,1344408,FL,1996,10,22,12:10,UC,3302,21,2,U,2,22,8.3,6.2,31.86,9,-,-,-,-,-,-,-,-,-,-,B,11,21.8,8.2,6.2,31.85,-,-,-,-,-,-,-,-,-,-,-
HAR,KB21,344102,1344408,FL,1996,10,22,11:45,UC,3703,20,6,U,2,21.7,8.3,6.9,31.9,1.3,-,-,-,-,-,-,-,-,-,-,B,18,21.7,8.2,7.1,31.9,1.2,-,-,-,-,-,-,-,-,-,-
HAR,KB22,343642,1344408,FL,1996,10,22,11:15,UC,3703,20,7,U,2,22.1,8.3,6.3,32.23,1.6,-,-,-,-,-,-,-,-,-,-,B,24,22,8.2,6.4,32.24,1.4,-,-,-,-,-,-,-,-,-,-
HAR,KB23,343222,1344408,FL,1996,10,25,10:45,CL,3703,22,4.5,U,2,21.9,8.3,6.2,32.26,1.1,-,-,-,-,-,-,-,-,-,-,B,25,21.9,8.2,6.6,32.35,2.5,-,-,-,-,-,-,-,-,-,-
HAR,KB24,342802,1344408,FL,1996,10,28,10:10,UC,3302,18,3.5,U,2,21.4,8.3,6,32.32,2.6,-,-,-,-,-,-,-,-,-,-,B,22,21.4,8.2,6.3,32.33,3,-,-,-,-,-,-,-,-,-,-
HAR,KB25,342342,1344408,FL,1996,10,28,14:20,UC,3304,19,3,U,2,21.3,8.3,6.2,32.32,2.7,-,-,-,-,-,-,-,-,-,-,B,10,21.3,8.2,6.4,32.3,2.7,-,-,-,-,-,-,-,-,-,-
HAR,KB26,344452,1343854,FL,1996,10,25,8:50,UC,3302,20,4,U,2,21.8,8.3,6.1,31.82,2.6,-,-,-,-,-,-,-,-,-,-,B,10,21.9,8.2,6.2,32.05,4.9,-,-,-,-,-,-,-,-,-,-
HAR,KB27,344102,1343854,FL,1996,10,25,9:25,UC,3802,21,3,U,2,21.7,8.2,6.3,32.09,2.7,-,-,-,-,-,-,-,-,-,-,B,20,21.9,8.2,6.9,32.17,2.1,-,-,-,-,-,-,-,-,-,-
HAR,KB28,343642,1343854,FL,1996,10,25,9:50,CL,3703,21,7,U,2,21.9,8.3,6.3,32.28,1,-,-,-,-,-,-,-,-,-,-,B,32,21.9,8.2,6.7,32.3,1,-,-,-,-,-,-,-,-,-,-
HAR,KB29,343222,1343854,FL,1996,10,25,10:15,CL,3802,22,4.5,U,2,21.9,8.3,6.2,32.23,1.6,-,-,-,-,-,-,-,-,-,-,B,22,21.8,8.2,6.4,32.24,3.4,-,-,-,-,-,-,-,-,-,-
HAR,KB30,342802,1343854,FL,1996,10,28,10:40,UC,3802,18,3.5,U,2,21.2,8.3,6,32.26,3.1,-,-,-,-,-,-,-,-,-,-,B,25,21.3,8.2,6.4,32.25,5.8,-,-,-,-,-,-,-,-,-,-
HAR,KB31,342342,1343854,FL,1996,10,28,11:10,UC,3302,19,4,U,2,21.3,8.3,6.1,-,1.5,-,-,-,-,-,-,-,-,-,-,B,28,21.3,8.2,6.7,-,2,-,-,-,-,-,-,-,-,-,-
HAR,KB32,341922,1343854,FL,1996,10,28,11:40,UC,3703,19,6,U,2,21.3,8.3,6,32.29,0.8,-,-,-,-,-,-,-,-,-,-,B,35,21.3,8.2,6.5,32.29,3.2,-,-,-,-,-,-,-,-,-,-
HAR,KB33,344452,1343340,FL,1996,10,24,15:45,CL,4105,22,8,U,2,22,8.2,6.5,31.77,0.6,-,-,-,-,-,-,-,-,-,-,B,11,21.6,8.2,6.6,31.95,2.2,-,-,-,-,-,-,-,-,-,-
HAR,KB34,344102,1343340,FL,1996,10,24,15:25,CL,3703,23,6,U,2,22.2,8.3,6.6,32.18,0.7,-,-,-,-,-,-,-,-,-,-,B,25,22.2,8.2,6.7,32.35,1.1,-,-,-,-,-,-,-,-,-,-
HAR,KB35,343642,1343340,FL,1996,10,24,15:00,CL,3703,23,7,U,2,22.2,8.2,6.6,32.31,0.7,-,-,-,-,-,-,-,-,-,-,B,36,22.2,8.1,6.7,32.4,2,-,-,-,-,-,-,-,-,-,-
HAR,KB36,343222,1343340,FL,1996,10,24,14:30,CL,3703,23,6,U,2,22.2,8.3,6.6,32.25,1.2,-,-,-,-,-,-,-,-,-,-,B,38,22.2,8.2,7.5,32.38,1.3,-,-,-,-,-,-,-,-,-,-
HAR,KB37,342802,1343340,FL,1996,10,23,10:40,CL,4105,22,8,U,2,22.1,8.3,6.3,32.43,0.7,-,-,-,-,-,-,-,-,-,-,B,40,22.2,8.2,7.9,32.5,1.4,-,-,-,-,-,-,-,-,-,-
HAR,KB38,342342,1343340,FL,1996,10,23,11:10,CL,4105,22,10,U,2,22.3,8.3,5.9,32.55,1.1,-,-,-,-,-,-,-,-,-,-,B,38,22.3,8.2,6.6,32.63,1.2,-,-,-,-,-,-,-,-,-,-
HAR,KB39,341922,1343340,FL,1996,10,23,11:40,CL,4105,22,8,U,2,22.1,8.3,6,32.37,0.6,-,-,-,-,-,-,-,-,-,-,B,31,22.3,8.2,6.3,32.6,0.7,-,-,-,-,-,-,-,-,-,-
HAR,KB40,341502,1343340,FL,1996,10,23,12:10,CL,4105,22,9,U,2,22.3,8.3,5.8,32.27,0.8,-,-,-,-,-,-,-,-,-,-,B,34,22.3,8.2,6.1,32.58,1.8,-,-,-,-,-,-,-,-,-,-
HAR,KB41,344422,1342826,FL,1996,10,24,8:00,CL,3304,18,4,U,2,20.7,8.3,6.6,-,2.6,-,-,-,-,-,-,-,-,-,-,B,8,20.7,8.2,6.8,-,3.3,-,-,-,-,-,-,-,-,-,-
HAR,KB42,344102,1342826,FL,1996,10,24,8:20,CL,3304,18,3,U,2,22,8.2,6,32.17,3.1,-,-,-,-,-,-,-,-,-,-,B,25,22,8.1,6.2,32.18,3.5,-,-,-,-,-,-,-,-,-,-
HAR,KB43,343712,1342826,FL,1996,10,24,9:40,CL,4105,20,7,U,2,22.2,8.3,6,32.38,1.2,-,-,-,-,-,-,-,-,-,-,B,34,22.3,8.2,6.6,32.45,0.7,-,-,-,-,-,-,-,-,-,-
HAR,KB44,343222,1342826,FL,1996,10,24,10:15,CL,4105,20,8,U,2,21.9,8.3,6.4,32.29,0.6,-,-,-,-,-,-,-,-,-,-,B,38,22.1,8.2,6.6,32.37,0.7,-,-,-,-,-,-,-,-,-,-
HAR,KB45,342802,1342826,FL,1996,10,24,13:55,CL,4105,20,9,U,2,22.4,8.3,6,32.44,0.4,-,-,-,-,-,-,-,-,-,-,B,38,22.4,8.2,6.3,32.54,1.2,-,-,-,-,-,-,-,-,-,-
HAR,KB46,342342,1342826,FL,1996,10,23,16:20,CL,4105,22,10,U,2,22.3,8.3,6.1,32.44,0.7,-,-,-,-,-,-,-,-,-,-,B,35,22.3,8.2,6.2,32.52,0.9,-,-,-,-,-,-,-,-,-,-
HAR,KB47,341922,1342826,FL,1996,10,23,15:20,CL,4105,22,7,U,2,22.4,8.3,6.1,32.36,0.8,-,-,-,-,-,-,-,-,-,-,B,34,22.3,8.2,6.2,32.53,1.2,-,-,-,-,-,-,-,-,-,-
HAR,KB48,341502,1342826,FL,1996,10,23,14:10,CL,4105,21,8,U,2,22.4,8.3,5.9,32.26,0.6,-,-,-,-,-,-,-,-,-,-,B,31,22.4,8.2,6.1,32.43,1.7,-,-,-,-,-,-,-,-,-,-
HAR,KB49,344102,1342312,FL,1996,10,24,8:45,CL,3304,19,1,U,2,21,8.2,6.9,31.68,7.8,-,-,-,-,-,-,-,-,-,-,B,10,20.1,8.2,7.3,31.68,8.5,-,-,-,-,-,-,-,-,-,-
HAR,KB50,343642,1342312,FL,1996,10,24,9:10,CL,3802,19,4,U,2,22.4,8.3,5.9,32.41,1.9,-,-,-,-,-,-,-,-,-,-,B,32,22.4,8.2,6.5,32.4,2.1,-,-,-,-,-,-,-,-,-,-
HAR,KB51,343222,1342312,FL,1996,10,24,10:40,CL,4105,21,7,U,2,22.3,8.3,6,32.31,0.9,-,-,-,-,-,-,-,-,-,-,B,25,22.2,8.2,6.3,32.37,0.7,-,-,-,-,-,-,-,-,-,-
HAR,KB52,342802,1342312,FL,1996,10,24,11:05,CL,3802,21,4,U,2,22.4,8.3,5.8,32.35,2.6,-,-,-,-,-,-,-,-,-,-,B,25,22.3,8.2,6.2,32.36,2.9,-,-,-,-,-,-,-,-,-,-
HAR,KB60,344102,1344922,FL,1996,10,22,12:00,UC,3302,21,3,U,2,21.7,8.3,6.5,31.71,3.8,-,-,-,-,-,-,-,-,-,-,B,10,21.6,8.2,6.5,31.75,3.4,-,-,-,-,-,-,-,-,-,-
BS1,SD01,342445,1332539,FL,1996,10,25,11:42,CL,3304,20.6,2.5,U,2,21.02,-,6.2,31.64,5.1,-,-,-,-,-,-,-,-,-,-,B,5,20.88,-,7,31.68,5.7,-,-,-,-,-,-,-,-,-,-
BS1,SD02,342552,1332951,FL,1996,10,25,11:17,CL,3304,20.6,2.5,U,2,20.97,-,6.5,31.62,6.8,-,-,-,-,-,-,-,-,-,-,B,13,20.95,-,8.6,31.79,7.5,-,-,-,-,-,-,-,-,-,-
BS1,SD04,342552,1333505,FL,1996,10,25,10:39,FI,3304,21,1.5,U,2,21.49,-,5.3,31.86,14.6,-,-,-,-,-,-,-,-,-,-,B,9,21.27,-,5.4,31.85,19.6,-,-,-,-,-,-,-,-,-,-
BS1,SD07,343012,1333955,FL,1996,10,25,9:57,FI,3106,22.9,1.5,U,2,21.46,-,6.7,31.19,9.3,-,-,-,-,-,-,-,-,-,-,B,4,21.36,-,7.3,31.18,11.5,-,-,-,-,-,-,-,-,-,-
BS1,SD08,342552,1334019,FL,1996,10,25,9:24,CL,3304,19.4,2.6,U,2,21.78,-,5.9,31.71,8.5,-,-,-,-,-,-,-,-,-,-,B,4,21.76,-,6.2,31.72,9.8,-,-,-,-,-,-,-,-,-,-
BS1,SD11,342552,1334532,FL,1996,10,25,8:53,CL,3304,20.5,3,U,2,21.8,-,6,31.75,6.6,-,-,-,-,-,-,-,-,-,-,B,9,21.72,-,7.1,31.78,7.9,-,-,-,-,-,-,-,-,-,-
BS2,SD18,343432,1340628,FL,1996,10,22,15:06,FI,3304,20,2,U,2,21.78,-,5.9,30.99,-,-,-,-,-,-,-,-,-,-,-,B,18,21.55,-,6,31.3,-,-,-,-,-,-,-,-,-,-,-
BS2,SD21,343852,1341142,FL,1996,10,22,14:01,FI,3303,21.4,2,U,2,21.4,-,6.9,31.56,-,-,-,-,-,-,-,-,-,-,-,B,4,20.47,-,7.4,31.52,-,-,-,-,-,-,-,-,-,-,-
BS2,SD22,343432,1341142,FL,1996,10,22,14:35,FI,3304,21.7,2.5,U,2,21.55,-,5.8,31.22,-,-,-,-,-,-,-,-,-,-,-,B,19,21.8,-,6.3,31.51,-,-,-,-,-,-,-,-,-,-,-
BS2,SD23,342552,1341142,FL,1996,10,22,9:50,CL,3304,18.7,3,U,2,21.96,-,5.9,31.69,-,-,-,-,-,-,-,-,-,-,-,B,16,22.26,-,6.8,32,-,-,-,-,-,-,-,-,-,-,-
BS2,SD24,343852,1341656,FL,1996,10,22,13:33,FI,3303,19.1,2,U,2,21.8,-,6.8,31.63,-,-,-,-,-,-,-,-,-,-,-,B,8,21.32,-,8.7,31.6,-,-,-,-,-,-,-,-,-,-,-
BS2,SD25,343432,1341656,FL,1996,10,22,11:28,CL,3304,18.7,4,U,2,22.09,-,5.9,31.84,-,-,-,-,-,-,-,-,-,-,-,B,26,22.14,-,8.7,31.91,-,-,-,-,-,-,-,-,-,-,-
BS1,SD48,341712,1331923,FL,1996,10,25,13:57,CL,3304,21.1,3.5,U,2,21.22,-,5.9,32.14,3.4,-,-,-,-,-,-,-,-,-,-,B,15,21.47,-,6.1,32.45,9.5,-,-,-,-,-,-,-,-,-,-
HIU,SD54,341312,1332437,FL,1996,10,24,10:52,FI,3304,20,5.5,U,2,21.92,-,6.1,32.64,1.9,-,-,-,-,-,-,-,-,-,-,B,15,21.87,-,6.5,32.64,2.2,-,-,-,-,-,-,-,-,-,-
HIU,SD55,340852,1332437,FL,1996,10,24,11:27,FI,3304,23.6,6,U,2,21.76,-,6.3,32.58,1.8,-,-,-,-,-,-,-,-,-,-,B,14,21.67,-,6.3,32.62,1.7,-,-,-,-,-,-,-,-,-,-
HIU,SD58,341312,1332951,FL,1996,10,24,10:17,FI,3505,20.5,7,U,2,21.96,-,6.1,32.54,1.5,-,-,-,-,-,-,-,-,-,-,B,19,21.91,-,6,32.54,1.5,-,-,-,-,-,-,-,-,-,-
HIU,SD59,340852,1332951,FL,1996,10,24,13:34,FI,3304,21.8,5,U,2,22.12,-,6.3,-,2.1,-,-,-,-,-,-,-,-,-,-,B,16,21.9,-,6,-,3.4,-,-,-,-,-,-,-,-,-,-
HIU,SD62,341312,1333505,FL,1996,10,24,15:23,FI,3505,23.4,7.5,U,2,21.96,-,6.4,32.54,1,-,-,-,-,-,-,-,-,-,-,B,14,21.86,-,6.6,32.53,2.6,-,-,-,-,-,-,-,-,-,-
HIU,SD63,340852,1333505,FL,1996,10,24,14:48,FI,3505,24.1,7.3,U,2,22.09,-,6,32.53,1.1,-,-,-,-,-,-,-,-,-,-,B,20,21.91,-,8,32.54,3,-,-,-,-,-,-,-,-,-,-
HIU,SD64,340432,1333505,FL,1996,10,24,14:17,FI,3505,24.4,6.2,U,2,22.28,-,6.6,32.51,1.4,-,-,-,-,-,-,-,-,-,-,B,18,22.04,-,8.5,32.61,1.7,-,-,-,-,-,-,-,-,-,-
HIU,MY40,340432,1330341,FL,1996,10,23,11:33,UO,3505,19.5,4.5,U,2,22.2,7.9,5.9,32.79,2.8,-,-,-,-,-,-,-,-,-,-,B,30,22.3,7.7,9.6,32.85,6,-,-,-,-,-,-,-,-,-,-
HIU,MY41,340852,1330855,FL,1996,10,23,12:53,UO,3304,20.5,5,U,2,22.2,-,5.9,32.8,3.1,-,-,-,-,-,-,-,-,-,-,B,17,22.2,-,8.7,32.81,7.3,-,-,-,-,-,-,-,-,-,-
HIU,MY42,340432,1330855,FL,1996,10,23,12:20,UO,3505,19.5,3.5,U,2,22.2,7.9,6,32.75,4.7,-,-,-,-,-,-,-,-,-,-,B,30,22.2,7.8,5.9,32.74,9.2,-,-,-,-,-,-,-,-,-,-
HIU,MY43,340012,1330855,FL,1996,10,22,9:33,OL,3505,18.5,3.5,U,2,21.7,7.9,6.4,32.42,3.9,-,-,-,-,-,-,-,-,-,-,B,10,21.6,7.8,6.4,32.42,4.3,-,-,-,-,-,-,-,-,-,-
HIU,MY45,340852,1331409,FL,1996,10,24,11:27,OL,3505,23,5,U,2,21.8,7.9,6.3,32.64,2.4,-,-,-,-,-,-,-,-,-,-,B,22,21.7,7.8,7.5,32.66,3.1,-,-,-,-,-,-,-,-,-,-
HIU,MY46,340432,1331409,FL,1996,10,24,9:44,OL,3304,19.5,4,U,2,22.1,7.9,5.8,32.76,3.9,-,-,-,-,-,-,-,-,-,-,B,29,22.1,7.8,8.4,32.76,5.5,-,-,-,-,-,-,-,-,-,-
HIU,MY47,340012,1331409,FL,1996,10,22,10:12,OL,3304,17.5,4,U,2,22,-,6.8,32.61,2.8,-,-,-,-,-,-,-,-,-,-,B,13,21.9,-,7.4,32.6,4.4,-,-,-,-,-,-,-,-,-,-
HIU,MY50,340852,1331923,FL,1996,10,24,10:52,OL,3505,20,5,U,2,21.7,-,6.6,32.56,1.9,-,-,-,-,-,-,-,-,-,-,B,17,21.6,-,7.3,32.57,2,-,-,-,-,-,-,-,-,-,-
HIU,MY51,340432,1331923,FL,1996,10,24,10:19,OL,3304,20,4.5,U,2,22.2,7.9,6,32.73,2.7,-,-,-,-,-,-,-,-,-,-,B,20,22.2,7.8,6.6,32.74,3.1,-,-,-,-,-,-,-,-,-,-
HIU,MY52,340022,1331923,FL,1996,10,22,10:45,OL,3304,17.5,4,U,2,22,-,6.5,32.59,3.1,-,-,-,-,-,-,-,-,-,-,B,14,22,-,6.5,32.59,3.9,-,-,-,-,-,-,-,-,-,-
HIU,MY56,340432,1332437,FL,1996,10,22,13:04,UO,3703,20,4.5,U,2,22.1,7.9,6.9,32.71,2.3,-,-,-,-,-,-,-,-,-,-,B,15,22,7.8,8,32.7,2.6,-,-,-,-,-,-,-,-,-,-
HIU,MY57,340012,1332437,FL,1996,10,22,11:17,OL,3304,18,4.5,U,2,22.1,-,6.6,32.57,2.8,-,-,-,-,-,-,-,-,-,-,B,12,22,7.7,6.4,32.61,4,-,-,-,-,-,-,-,-,-,-
HIU,MY60,340432,1332951,FL,1996,10,22,12:30,UO,3505,19.5,5,U,2,22.2,7.9,6.4,32.71,1.8,-,-,-,-,-,-,-,-,-,-,B,16,22.1,7.7,6.2,32.71,2,-,-,-,-,-,-,-,-,-,-
HIU,MY61,340012,1332951,FL,1996,10,22,11:54,UO,3505,18.5,4,U,2,22.1,-,6.6,32.54,3.1,-,-,-,-,-,-,-,-,-,-,B,12,22,7.7,10.7,32.56,3.2,-,-,-,-,-,-,-,-,-,-
AKI,HS12,341312,1323639,FL,1996,10,17,8:05,CL,3105,19,1.8,U,2,-,-,-,-,4.2,-,-,-,-,-,-,-,-,-,-,B,6.4,-,-,-,-,3.1,-,-,-,-,-,-,-,-,-,-
AKI,HS13,340852,1323341,FL,1996,10,17,14:57,CL,3302,22,3.4,U,2,22.9,-,6.1,32.95,3.2,-,-,-,-,-,-,-,-,-,-,B,13.9,22.6,-,6.2,32.9,6,-,-,-,-,-,-,-,-,-,-
AKI,HS21,341312,1324923,FL,1996,10,17,13:19,CL,3302,23,5.2,U,2,23.2,-,5.8,32.97,2.4,-,-,-,-,-,-,-,-,-,-,B,20.8,23,-,5.2,32.97,8.1,-,-,-,-,-,-,-,-,-,-
AKI,HS22,341832,1325437,FL,1996,10,17,10:38,CL,3105,19,2.8,U,2,23.1,-,5.9,32.87,8.2,-,-,-,-,-,-,-,-,-,-,B,38.6,23.1,-,5.9,32.88,13.3,-,-,-,-,-,-,-,-,-,-
AKI,HS33,340012,1324409,FL,1996,10,25,10:36,OL,3505,22.5,6,U,2,22.2,-,5.5,33.16,3.3,-,-,-,-,-,-,-,-,-,-,B,44,22.2,-,8.8,33.16,4.4,-,-,-,-,-,-,-,-,-,-
HRS,HS01,341312,1321759,FL,1996,10,15,11:15,CL,3502,21,7.8,U,2,22.8,-,6.2,32.75,1,-,-,-,-,-,-,-,-,-,-,B,22,22.6,-,5.9,32.76,1.4,-,-,-,-,-,-,-,-,-,-
HRS,HS02,340852,1321759,FL,1996,10,15,10:34,CL,3702,24,7.6,U,2,22.7,-,5.7,32.86,1.4,-,-,-,-,-,-,-,-,-,-,B,30,22.7,-,5.1,32.96,2.3,-,-,-,-,-,-,-,-,-,-
HRS,HS03,340432,1321759,FL,1996,10,16,10:05,CL,3702,19,8.3,U,2,22.6,-,6.2,33.06,1.1,-,-,-,-,-,-,-,-,-,-,B,24.9,22.6,-,6,33.06,1.2,-,-,-,-,-,-,-,-,-,-
HRS,HS04,341732,1322313,FL,1996,10,15,13:43,CL,3702,23,6.4,U,2,22.7,-,6.6,32.51,0.9,-,-,-,-,-,-,-,-,-,-,B,24,22.7,-,5.9,32.81,3.1,-,-,-,-,-,-,-,-,-,-
HRS,HS05,341312,1322313,FL,1996,10,15,11:55,CL,3802,22,6.7,U,2,22.9,-,6.1,32.98,1.2,-,-,-,-,-,-,-,-,-,-,B,32,22.7,-,5.8,32.97,1.7,-,-,-,-,-,-,-,-,-,-
HRS,HS06,340852,1322313,FL,1996,10,15,9:31,CL,3502,21,8.2,U,2,22.8,-,5.9,32.95,1.1,-,-,-,-,-,-,-,-,-,-,B,48.1,22.8,-,5.6,33.01,1.9,-,-,-,-,-,-,-,-,-,-
HRS,HS07,340432,1322313,FL,1996,10,16,9:23,CL,3702,20,6.5,U,2,22.7,-,5.9,33.05,2.4,-,-,-,-,-,-,-,-,-,-,B,20.1,22.7,-,5.9,33.06,2.5,-,-,-,-,-,-,-,-,-,-
HRS,HS08,341732,1322827,FL,1996,10,15,15:05,CL,3702,25,7.8,U,2,22.8,-,5.7,32.69,1,-,-,-,-,-,-,-,-,-,-,B,16.4,22.6,-,6.3,32.71,1.9,-,-,-,-,-,-,-,-,-,-
HRS,HS09,341312,1322959,FL,1996,10,15,15:57,CL,3502,23,6.7,U,2,22.9,-,6.5,32.4,0.9,-,-,-,-,-,-,-,-,-,-,B,18.1,22.8,-,4.9,32.63,2.4,-,-,-,-,-,-,-,-,-,-
HRS,HS10,340432,1322827,FL,1996,10,16,15:03,CL,3802,24,7.2,U,2,23,-,6.1,33.07,1.9,-,-,-,-,-,-,-,-,-,-,B,27,22.6,-,6.2,33.08,2.8,-,-,-,-,-,-,-,-,-,-
HRS,HS11,340012,1322827,FL,1996,10,16,14:20,CL,3502,22,8.3,U,2,22.8,-,5.9,33.03,1.3,-,-,-,-,-,-,-,-,-,-,B,41.9,22.7,-,5.7,33.03,4.2,-,-,-,-,-,-,-,-,-,-
HRS,HS24,340432,1321245,FL,1996,10,16,10:51,CL,3702,19,9.7,U,2,22.2,-,6.7,32.42,0.7,-,-,-,-,-,-,-,-,-,-,B,14.7,22.1,-,6.6,32.42,1.6,-,-,-,-,-,-,-,-,-,-
HRS,HS25,340012,1321759,FL,1996,10,16,11:42,CL,3802,21.5,10.3,U,2,22.6,-,6.2,32.9,0.7,-,-,-,-,-,-,-,-,-,-,B,24,22.5,-,6,32.91,1,-,-,-,-,-,-,-,-,-,-
HRS,HS26,340012,1322313,FL,1996,10,16,13:36,CL,3502,21,7.8,U,2,22.9,-,5.9,33.03,1.5,-,-,-,-,-,-,-,-,-,-,B,28.8,22.7,-,5.8,33.03,5.2,-,-,-,-,-,-,-,-,-,-
IY1,MY12,333832,1321245,FL,1996,10,29,11:50,OL,3505,21,9,U,2,21.9,7.9,7,33.47,0.7,-,-,-,-,-,-,-,-,-,-,B,50,21.9,7.9,10.9,33.49,1.8,-,-,-,-,-,-,-,-,-,-
IY2,MY24,334712,1323855,FL,1996,10,29,14:44,OL,3304,20,4,U,2,21.6,7.9,7,33.17,4.2,-,-,-,-,-,-,-,-,-,-,B,16,21.3,-,8.9,33.18,10.7,-,-,-,-,-,-,-,-,-,-
IY2,MY26,335132,1323341,FL,1996,10,29,9:08,OL,3505,20.5,7,U,2,21.8,-,6.8,33.21,1.8,-,-,-,-,-,-,-,-,-,-,B,50,21.8,-,8.2,33.2,4.4,-,-,-,-,-,-,-,-,-,-
